-4.132122 10.151000
-4.880853 10.749000
-4.000586 9.189000
-4.852936 8.635000
-0.600008 11.202000
-1.559440 8.232000
-4.147275 11.060000
-2.021946 11.088000
-4.860093 9.873000
-0.569942 11.457000
-1.436015 11.350000
-2.899175 8.422000
-2.860934 8.139000
-4.005596 9.822000
-4.754086 9.684000
-4.754862 8.255000
-2.673678 8.495000
-4.761304 10.044000
-4.343838 8.571000
-2.047357 11.339000
-4.234670 9.364000
-4.337455 9.464000
-3.726886 11.260000
0.179087 8.744000
-2.180269 11.433000
-0.498833 8.048000
-4.364598 9.134000
-4.228228 8.534000
-4.539030 8.679000
-0.112567 8.174000
-0.179263 8.421000
-2.150083 8.002000
-4.224648 8.987000
-4.020212 8.753000
-3.626367 8.131000
-3.285975 8.080000
-4.664902 8.076000
-1.013777 11.442000
-2.256570 8.276000
0.373622 9.981000
0.114362 11.240000
-3.377069 8.263000
0.373384 11.304000
0.176880 9.453000
-3.729271 11.080000
-4.451337 9.036000
-2.139227 11.204000
-3.570234 11.093000
-4.215164 10.648000
-4.771087 9.442000
-4.672776 9.253000
-1.806769 11.348000
0.084952 11.498000
-1.375166 8.165000
-2.514576 11.398000
-4.461538 8.142000
-1.566004 11.465000
-4.422523 9.368000
0.159937 8.632000
-4.673074 9.872000
-4.441553 9.562000
-2.465599 11.357000
0.164769 9.106000
-4.677190 9.962000
0.087455 10.264000
-4.156402 11.336000
-4.197745 11.137000
-0.827890 8.321000
-4.361615 11.077000
-4.658697 11.246000
0.233134 8.123000
-3.595707 8.432000
-4.116612 9.880000
-4.677429 10.566000
-2.202761 11.111000
0.047488 8.159000
-1.726534 8.066000
-4.653390 8.334000
-0.168343 11.436000
-0.360374 8.144000
-3.831223 7.957000
-4.356545 7.938000
-1.968259 11.224000
0.167931 9.894000
-0.895897 8.171000
-4.555136 8.959000
-0.602874 8.423000
-1.532773 11.466000
-4.357558 10.450000
0.265766 10.060000
-0.280555 8.311000
-4.740723 10.372000
-0.461427 11.081000
-0.982754 8.254000
-1.947021 8.423000
-2.263309 8.264000
-4.579656 8.242000
-4.033215 8.259000
-3.568921 11.376000
-4.644501 8.065000
0.285154 10.401000
-3.978334 8.364000
-4.540044 8.850000
-4.229420 8.450000
-4.599579 11.449000
-1.714125 8.161000
-4.251909 11.240000
-3.568325 8.100000
-4.049978 9.633000
-4.043476 8.531000
-4.554122 10.532000
-4.253342 8.839000
-0.758514 8.215000
0.254491 11.025000
-0.443714 8.029000
0.237370 10.883000
-4.294444 8.791000
-4.853411 9.256000
-2.707261 11.337000
-4.889027 8.176000
-4.755757 7.978000
0.266422 8.331000
-2.887599 11.474000
-3.326484 8.260000
-4.105696 8.057000
-3.638716 8.236000
-2.528775 8.114000
-1.334542 8.409000
-4.542310 10.447000
-1.905739 11.084000
0.081730 9.061000
-3.934902 11.342000
-4.254892 9.385000
-2.030834 8.049000
-4.854724 9.341000
-4.439406 8.753000
-0.367890 8.266000
-0.455046 11.384000
-4.057434 10.353000
-4.000287 9.367000
-4.228704 10.319000
-4.869160 10.657000
-2.120555 11.288000
-4.123533 8.160000
-4.562116 8.524000
-4.754682 9.863000
0.165068 8.056000
-1.467991 8.121000
-0.262539 8.067000
-4.117328 9.070000
-3.202937 11.086000
-4.550960 9.136000
-4.422583 8.563000
0.145382 11.342000
-1.525137 11.358000
-4.750268 10.462000
-1.235513 8.052000
-4.674327 8.732000
-3.822990 11.343000
-0.881580 8.060000
-3.720442 11.452000
-4.131646 8.354000
-4.670509 9.342000
-4.367103 9.938000
-1.095025 8.352000
-4.480030 11.345000
0.090258 10.375000
-4.754444 9.156000
-4.439584 9.477000
-4.440539 9.654000
-0.465069 8.343000
-1.339611 8.035000
-4.222501 8.170000
-2.464824 8.057000
-4.680650 10.053000
-4.670747 11.339000
0.181232 11.543000
-2.659239 11.295000
-4.532527 10.777000
-4.750149 8.061000
0.145979 9.254000
-4.685601 10.660000
0.349581 8.147000
0.250613 9.731000
-4.658876 8.162000
-4.004940 10.262000
-0.184689 8.233000
-3.176150 11.491000
-3.486297 8.270000
-4.792026 8.937000
-2.085060 11.168000
0.359722 8.841000
-3.944089 11.446000
-4.441433 10.183000
0.165486 8.411000
-0.747596 11.086000
-1.136067 11.402000
0.208617 8.497000
0.386923 9.152000
-0.029586 11.455000
-4.060596 11.253000
-4.122101 9.966000
-2.127773 11.393000
0.460537 11.554000
0.086143 10.750000
-3.910862 7.951000
-4.875007 8.747000
0.160653 9.679000
-1.427960 8.319000
0.371534 11.068000
-1.934430 11.450000
-0.061919 8.135000
0.236117 9.183000
-3.557883 11.414000
-4.863493 10.054000
-0.467932 8.122000
-1.838923 11.182000
-0.255678 11.492000
-0.643081 8.437000
-2.892491 8.269000
-0.813393 11.401000
0.216491 10.805000
0.381732 11.334000
-1.656677 11.457000
0.274058 9.033000
-3.211528 8.457000
-4.259367 9.740000
-0.044562 8.423000
-2.455279 8.150000
-1.110896 8.423000
-4.283766 9.136000
-3.422347 8.023000
-4.867907 10.146000
-3.966759 11.167000
0.260457 8.923000
0.164591 10.251000
-4.257696 10.181000
-3.509861 11.370000
-3.078495 7.972000
-4.329104 8.460000
0.127781 11.335000
-4.773354 9.265000
-4.456765 8.861000
-4.873933 9.453000
0.267913 9.266000
-4.607751 10.936000
-4.337753 9.376000
-2.121511 11.494000
-4.367521 9.044000
-2.356788 11.172000
-0.369441 8.048000
-0.782374 8.072000
-1.349274 11.444000
-1.334838 8.246000
-1.615754 8.177000
0.161369 8.184000
0.079463 8.366000
-0.485172 8.147000
-4.554957 11.067000
-3.842559 11.127000
0.362168 8.479000
-4.440659 8.667000
-4.154732 9.638000
-4.753071 10.882000
-4.768403 8.363000
-4.524712 9.466000
-2.555917 8.047000
-1.795912 11.247000
-4.226795 9.975000
-4.209197 8.063000
-1.469897 11.205000
-0.048020 8.239000
-4.032142 10.584000
0.085725 10.862000
-3.996051 10.890000
-2.475266 8.415000
-4.128304 9.445000
-3.474247 8.167000
-4.756889 9.954000
-1.436968 11.078000
-0.985976 8.045000
-4.281917 8.682000
-4.353740 10.982000
-3.388583 8.172000
-4.685721 10.145000
-4.435170 11.476000
-2.272200 8.419000
0.367358 10.341000
-3.215401 11.079000
-4.682738 11.437000
-3.114347 11.350000
-4.029098 8.346000
-4.448533 8.037000
-4.672298 10.733000
-4.552511 9.934000
-4.351593 10.355000
-0.705657 8.226000
-0.156535 8.399000
-4.597370 8.425000
-1.953819 11.360000
-0.512315 11.540000
-4.218443 11.476000
-4.448175 10.269000
0.082864 9.542000
0.250912 8.228000
0.380900 10.093000
-0.137027 11.130000
-3.497452 11.271000
-0.169894 11.081000
-4.206034 11.028000
-4.140891 10.340000
-2.126103 8.035000
-4.051350 9.268000
-2.579122 11.240000
-3.662759 8.404000
-4.578998 11.087000
-3.562953 11.228000
-4.528413 11.341000
0.166500 11.080000
-4.239502 9.275000
0.166380 9.787000
-0.976013 11.400000
0.460182 11.485000
-4.049381 9.539000
-2.885451 8.077000
-1.783983 11.089000
-4.870831 8.838000
-4.553526 9.047000
-4.609365 10.136000
-3.495126 11.159000
-3.476096 8.359000
0.236117 9.972000
-1.382266 8.461000
-4.058687 11.439000
0.112989 8.224000
-4.866893 10.988000
-2.247619 11.390000
-0.678991 11.537000
-0.235038 8.271000
-4.546904 9.750000
0.083340 8.462000
-3.239564 8.124000
-4.154612 9.735000
-2.064064 8.427000
-4.624874 8.118000
-3.634301 8.046000
-4.253282 9.563000
-4.037869 9.068000
-4.552451 11.237000
-1.835702 8.162000
-3.986747 10.414000
-2.447287 11.089000
0.275012 10.173000
-4.868564 8.929000
-0.365682 11.453000
0.218996 10.922000
-4.284899 9.949000
-4.147693 8.827000
-4.560684 10.629000
-3.632869 11.473000
-4.473588 8.337000
-4.545293 9.663000
-4.873575 10.238000
-2.679940 8.162000
-2.565345 8.099000
-3.400217 8.430000
-1.597440 11.190000
-3.405404 11.482000
-0.894107 11.341000
-3.095261 8.420000
-3.527936 8.036000
-4.139222 8.632000
-4.281677 10.555000
0.270240 10.765000
0.368790 8.948000
-3.996827 8.454000
-2.769184 7.957000
0.083400 10.525000
-4.205796 11.374000
-0.994507 8.158000
-4.586276 11.353000
0.335741 9.338000
-4.043833 10.884000
-1.413821 11.171000
-1.108686 11.264000
-0.803612 11.123000
-1.607283 8.061000
-4.678861 8.640000
-4.546068 10.972000
-0.763224 8.171000
0.288134 11.441000
-0.816555 11.517000
-4.774011 8.740000
-3.985970 10.337000
0.135955 10.008000
-4.527934 9.375000
-4.219517 9.167000
-4.667944 9.520000
0.209511 8.961000
-4.363167 9.748000
-0.314558 11.172000
0.266660 8.790000
-1.508735 11.089000
-3.828123 8.337000
-4.431948 10.867000
-1.330066 11.533000
-4.234670 9.541000
-2.351359 11.469000
-1.324757 8.338000
-0.148896 8.092000
0.376307 11.189000
0.234507 10.552000
0.377380 10.684000
0.086918 10.977000
-4.653268 10.980000
-2.967480 8.392000
-4.289493 8.424000
-0.458924 11.499000
-2.981377 8.258000
0.367060 11.537000
-1.151458 11.208000
-1.069674 11.089000
-4.012637 9.785000
-0.807368 11.174000
-4.469949 9.945000
-2.886168 8.358000
-2.994739 11.360000
-2.756717 11.139000
-4.370503 11.344000
-2.238432 11.287000
-4.113212 9.156000
-3.627798 11.183000
-1.859921 8.010000
-4.000884 9.460000
-4.528768 10.263000
-2.986803 11.081000
-1.001128 11.187000
-0.169835 8.337000
-3.008284 8.431000
-4.481045 10.639000
-4.218085 10.234000
-2.666637 8.055000
-2.779326 8.062000
-3.254539 8.151000
-4.266346 9.030000
-4.126636 10.265000
-2.109819 8.362000
-1.837670 11.480000
-1.822101 11.150000
-4.647064 10.878000
-4.340557 10.785000
-3.915095 11.083000
0.104812 11.194000
-1.172221 8.428000
-4.124129 8.975000
-0.380955 11.081000
-2.989430 11.250000
-2.135827 8.147000
-4.050872 11.149000
-3.949222 8.257000
-0.111793 11.108000
-1.834628 8.372000
-4.841244 8.350000
-0.315692 8.454000
-2.775448 8.349000
-3.181401 8.065000
-4.875902 9.538000
-1.548404 8.325000
-0.486842 8.364000
-2.754807 11.263000
-0.056073 11.239000
0.455886 11.361000
-4.216176 11.298000
-1.082975 11.361000
-1.830750 11.370000
-2.677793 11.089000
-1.570834 8.137000
0.210406 8.144000
-4.854962 11.058000
-3.993248 9.984000
-3.299577 8.378000
0.216073 8.597000
-4.049739 9.447000
-4.044191 10.071000
-0.478791 11.119000
-0.731907 8.422000
-4.858124 10.890000
0.122591 8.531000
-4.772400 8.830000
-0.808740 8.212000
0.090679 11.070000
-2.987405 8.412000
-4.051887 9.723000
0.148185 10.830000
-1.152950 8.296000
-3.832415 11.450000
-1.701120 11.270000
-1.832363 11.480000
-2.379935 11.080000
-3.978571 10.813000
-1.942246 8.262000
0.154926 9.573000
0.082384 8.554000
-3.613302 11.266000
-0.258303 11.369000
-2.130518 8.234000
-4.604709 10.158000
-4.006909 9.015000
-4.245288 10.971000
-4.373010 8.327000
-1.034717 8.514000
-4.341273 9.287000
-3.253286 11.123000
-4.269030 10.366000
-2.970639 8.153000
-4.107425 11.478000
-4.569812 8.432000
-1.704702 8.418000
-2.195779 11.349000
-1.085778 11.477000
-4.351713 8.938000
0.088945 9.165000
0.258786 9.948000
-3.278757 8.164000
0.355964 9.654000
-1.604718 8.268000
0.355010 10.114000
-4.516064 8.146000
-3.794477 11.087000
-0.590343 11.249000
-0.649700 8.071000
-2.139406 11.091000
-2.576855 8.141000
-2.285738 8.165000
-2.756360 8.147000
0.361035 10.826000
-4.453424 10.366000
-3.921540 8.058000
-4.236937 8.731000
0.289804 9.413000
-4.127230 10.874000
-4.364001 9.843000
-1.959846 8.448000
-2.759161 11.376000
-3.736789 8.332000
-4.344017 10.263000
-4.232582 8.364000
-3.494290 11.457000
-2.343187 11.363000
0.082863 9.738000
-0.791439 11.082000
-4.011980 8.928000
-1.847453 11.286000
-4.661322 10.384000
0.275489 10.997000
-1.220659 8.354000
-2.542376 8.224000
-2.194050 8.294000
-4.273983 8.855000
0.251150 11.256000
-4.116254 10.681000
0.030308 11.540000
-0.676187 11.187000
-0.474136 8.246000
-2.994024 8.367000
-1.147520 8.199000
-2.879724 11.363000
0.114538 8.635000
0.257355 11.145000
-4.464282 9.762000
-1.707088 11.364000
-4.609482 9.812000
-4.538373 8.766000
-4.525428 10.164000
-4.608109 10.253000
-4.346820 10.884000
-4.253640 9.473000
0.082027 8.687000
-4.886459 8.406000
-0.934968 11.201000
-3.011443 11.156000
-4.067457 8.832000
-0.760957 11.359000
-1.755880 11.077000
-3.935738 8.164000
-4.858602 9.690000
-2.567132 11.435000
-2.760534 8.242000
0.082627 10.467000
-4.580491 10.374000
-4.036019 9.154000
-2.508610 11.289000
-2.262475 8.060000
-3.882468 8.042000
-4.597968 11.279000
-3.289614 11.487000
-2.740489 11.465000
-4.039776 11.051000
0.080717 8.729000
-2.655541 11.182000
-1.518456 11.250000
-4.844523 10.380000
-4.852875 8.266000
-4.599877 10.839000
-2.883783 8.065000
0.374040 10.457000
-1.112266 8.253000
0.430891 10.530000
-3.107129 11.242000
-4.045622 11.339000
-4.859497 9.782000
-1.284429 11.184000
-1.712395 11.494000
0.388238 10.806000
-2.874294 11.081000
-1.635795 11.079000
-4.542728 11.479000
-0.396464 11.230000
0.220845 11.039000
-4.011681 8.561000
-0.471275 8.428000
-1.189579 11.089000
-2.572677 11.079000
-2.562540 11.088000
-3.507653 11.081000
0.281276 8.665000
-3.618611 11.080000
-3.395801 11.080000
-3.740069 11.180000
-4.468756 9.142000
0.143175 11.461000
-4.014364 7.957000
-1.168463 11.336000
-4.548097 9.843000
-4.872857 8.754000
0.367955 9.872000
-4.673134 8.268000
-4.052363 10.258000
-4.263900 11.340000
-4.159027 11.154000
-4.653806 7.971000
-1.936519 8.062000
-4.695266 8.838000
0.082683 9.159000
-2.356013 8.251000
0.182667 10.708000
-4.229419 10.785000
-1.813095 8.069000
0.165127 9.345000
-2.973921 7.959000
-4.453246 8.949000
-0.595832 11.360000
-4.597372 10.578000
-3.246782 8.040000
-4.363167 8.134000
-4.357976 9.662000
-4.455214 7.948000
-4.462313 10.456000
-4.136775 10.967000
-4.691090 9.449000
-1.824549 8.422000
0.180698 8.515000
-1.109760 11.148000
-0.040862 11.088000
-0.199902 8.129000
-0.450751 8.225000
-4.673969 11.166000
-4.360124 11.244000
-0.760423 11.431000
-4.765957 10.651000
-2.252695 11.230000
-3.624756 11.365000
-2.885748 8.129000
-4.233059 9.453000
-4.242723 8.641000
0.221204 9.071000
-4.373128 10.634000
-0.252817 11.088000
-4.223992 9.077000
-4.259545 9.838000
-0.603527 8.032000
-1.221911 11.454000
-3.081955 8.356000
-3.903586 11.087000
-4.255847 9.296000
-0.143291 11.326000
-0.146033 11.290000
-3.948862 11.257000
-1.715854 11.190000
0.346837 9.443000
-3.090428 11.085000
-1.232351 8.260000
0.194597 9.090000
-4.845835 8.076000
-0.358525 8.366000
-4.776635 11.351000
-4.242186 10.252000
-4.866058 11.153000
0.212553 8.368000
0.257175 9.158000
-3.788035 8.434000
-0.516851 11.421000
0.362288 9.762000
-1.947853 11.255000
-3.609129 8.208000
-2.617543 8.231000
0.090201 9.249000
-3.172631 11.197000
-2.544108 11.420000
-4.855440 9.164000
-2.038170 11.236000
-4.850488 10.474000
-4.582816 10.650000
-4.218741 10.589000
-4.048785 9.357000
-1.236465 11.079000
-0.984666 8.420000
-3.926253 7.973000
-0.785955 8.350000
-4.913900 8.061000
0.222158 9.309000
0.060016 11.401000
0.082327 9.638000
-4.020329 8.152000
-2.895115 11.280000
-3.337040 7.944000
-0.254724 11.254000
-1.900788 8.386000
-4.376410 8.242000
-0.911940 11.082000
-3.078137 8.165000
-1.650235 11.229000
-4.857706 10.569000
0.252761 10.415000
-4.355232 8.849000
-2.856580 11.102000
-4.240515 11.144000
-3.822275 8.045000
-4.669376 8.355000
-4.459509 11.152000
-1.580977 8.417000
-4.469114 9.228000
-4.578043 10.397000
-4.655058 8.972000
0.359780 8.637000
-4.569632 9.242000
-3.723486 7.952000
-3.997662 10.076000
-4.268554 8.038000
-0.424920 11.250000
-4.147931 10.431000
-4.224528 10.946000
-1.287233 11.296000
0.276145 8.432000
-0.671355 11.078000
-4.112317 7.969000
0.216729 9.643000
-3.736013 11.366000
0.429102 11.030000
-4.447998 10.949000
-1.223820 8.148000
-4.789341 11.444000
-4.033871 10.686000
-2.852045 8.229000
0.187913 8.175000
-1.091269 8.034000
-4.691388 10.239000
-4.340020 10.166000
-2.688948 11.425000
-3.717759 8.039000
-3.238967 11.450000
-4.207290 10.894000
0.168886 10.471000
-2.528833 11.201000
0.380065 10.574000
-4.760409 8.543000
-2.260687 11.392000
-4.570410 10.855000
-1.711560 8.368000
-1.151700 8.300000
0.169662 11.199000
-2.863319 11.450000
-4.229720 10.409000
-4.256145 9.652000
-3.295639 11.298000
0.362348 10.229000
-2.234376 11.180000
-2.888195 11.171000
0.084592 10.636000
0.131896 9.523000
-4.046457 8.431000
-1.963960 11.172000
-3.073186 8.247000
-4.607275 9.457000
-1.822638 8.258000
0.127545 8.327000
-3.175617 11.229000
-4.216773 8.259000
-4.249762 10.091000
0.082686 8.964000
-1.711858 11.079000
-4.051648 8.725000
-4.757725 9.768000
-4.788208 10.155000
-2.663117 8.344000
-1.404038 11.480000
-4.567425 11.157000
-3.326598 11.082000
-4.283169 8.142000
-0.590523 8.128000
-1.514457 11.079000
-3.283410 11.377000
0.073136 10.989000
-4.873813 11.259000
-3.531873 11.397000
-0.702972 11.326000
-2.472579 11.460000
-4.122935 10.774000
-1.315690 11.082000
-3.171319 7.958000
-4.262647 10.632000
-4.022539 11.060000
-2.586284 8.423000
-0.786787 11.500000
-4.601846 10.413000
-4.853592 9.957000
-1.489345 8.055000
-4.034885 10.948000
-4.546904 9.573000
-3.198881 11.412000
-2.058155 11.441000
-3.172452 8.346000
-4.330716 8.016000
-1.142451 11.513000
-2.347423 8.342000
-0.426590 11.364000
-2.678747 7.964000
0.163815 8.867000
0.280918 11.357000
-0.034120 8.342000
-4.111899 10.581000
-2.580555 8.266000
-3.945880 8.355000
0.255028 9.839000
-1.529614 8.373000
-0.057385 11.356000
0.080420 9.343000
0.081669 9.942000
-4.852815 9.080000
-1.436073 8.228000
-2.352852 8.051000
-4.609184 9.723000
-4.207943 10.763000
0.062044 8.265000
-3.952980 11.125000
0.155941 10.135000
-4.466907 8.426000
-3.872805 8.426000
-4.254119 10.174000
0.212673 9.540000
-4.774607 8.654000
-4.339006 8.661000
-4.048307 10.162000
-3.911222 8.151000
0.352862 9.213000
-1.099201 8.143000
-2.159274 8.413000
-4.130273 9.266000
-4.466011 11.254000
-0.703926 11.441000
-3.998259 10.626000
-4.664544 8.447000
-2.898874 7.988000
-4.446384 8.257000
-0.699095 8.322000
-0.603527 8.245000
-4.654104 9.059000
-1.472999 11.317000
-0.425576 11.486000
0.351550 9.548000
-4.358334 9.572000
-3.376353 11.169000
0.343079 11.443000
-4.568200 10.726000
0.304303 8.064000
-2.788753 8.416000
-1.236049 11.255000
-4.792921 10.248000
0.216073 8.831000
-4.649690 9.674000
-0.972851 11.287000
-4.447041 11.063000
-1.810229 8.354000
-4.028028 8.632000
-4.663171 11.071000
-4.474005 10.039000
-4.327970 11.473000
-1.927988 8.152000
-3.593976 11.112000
-2.794478 11.082000
-4.349684 11.148000
0.178192 10.591000
-3.556514 8.392000
-3.619387 7.942000
-0.754514 11.250000
-4.758739 11.152000
-2.218092 8.392000
-3.221011 11.238000
-1.562005 8.024000
-1.565941 11.179000
-4.368536 8.045000
-1.704342 8.253000
-1.483263 8.432000
-4.222977 9.885000
-3.995157 10.529000
-4.365194 10.540000
0.058107 11.281000
-0.914866 11.253000
-4.541535 10.093000
-3.093290 11.204000
0.083160 10.048000
-0.198111 11.334000
0.081791 9.443000
-4.760230 10.984000
-2.361501 11.279000
-4.148527 9.556000
0.221800 11.513000
-0.144064 11.175000
-2.619392 11.117000
-0.870185 8.363000
-0.837616 8.399000
-4.230911 10.065000
-4.777769 10.736000
-1.233185 11.203000
-4.255429 11.066000
-2.882232 11.120000
-4.860689 8.464000
-2.955071 8.189000
0.161071 10.959000
-1.273215 11.377000
-4.253222 10.439000
-1.327322 8.129000
-3.169947 8.154000
-1.158737 8.086000
-3.731062 8.143000
-4.129319 9.353000
-2.459636 8.320000
-4.058032 8.637000
0.081789 9.840000
-4.262230 8.579000
-2.048790 8.362000
0.215536 10.101000
-4.001182 9.642000
-4.756173 10.557000
-4.275593 7.947000
-1.923996 8.512000
-4.039061 8.983000
-1.008943 11.532000
0.183263 8.982000
-3.838500 11.257000
-0.840778 11.204000
-4.254296 7.931000
-2.487732 11.146000
-0.452244 11.098000
-0.660438 8.187000
-4.681846 8.605000
-2.255673 8.355000
-4.128186 8.440000
-4.859198 8.548000
-3.386494 11.271000
-1.493583 8.247000
-2.865945 8.337000
0.283185 9.375000
-4.607275 9.546000
-1.395567 11.256000
-0.098073 11.531000
-2.981497 8.063000
-4.036376 9.886000
-4.766911 11.251000
-3.289495 8.270000
-3.988000 10.194000
-4.115181 8.249000
-4.062207 10.446000
-3.938604 8.398000
-0.482547 11.286000
-4.248034 9.756000
-4.554600 8.325000
0.244588 9.625000
-2.162193 11.229000
-4.356425 8.765000
0.040269 11.141000
-3.487493 8.423000
-2.504494 11.182000
0.208915 8.727000
-4.308226 8.855000
-4.000586 9.549000
-4.037569 10.786000
-1.951074 11.079000
-4.756711 9.067000
-0.367353 11.329000
-0.341761 11.192000
-4.679398 8.556000
-2.256806 11.492000
0.081074 8.825000
-3.238490 8.321000
-4.771385 11.076000
0.294519 9.584000
0.346121 8.732000
0.276504 10.282000
-4.673074 9.166000
-3.179730 8.259000
0.178431 10.005000
-3.998975 9.279000
-0.250251 8.167000
-2.448359 8.240000
-4.026713 8.063000
-0.996117 8.364000
-3.806647 8.227000
-0.860046 8.419000
-4.126934 10.047000
-0.645703 11.289000
-4.649988 9.763000
-0.994089 11.080000
-4.760231 8.169000
-2.572680 8.355000
0.105290 9.029000
-4.447459 10.790000
-2.042168 8.159000
-3.630782 8.323000
0.363182 10.942000
-1.616768 8.382000
-4.154076 8.738000
-4.333339 10.078000
-4.791967 9.551000
-3.072650 8.052000
0.265826 10.649000
-4.836410 7.967000
-3.683340 8.424000
-4.667944 10.475000
-1.931747 8.356000
0.224962 11.396000
-4.537181 7.938000
-3.392997 8.367000
-2.585446 11.350000
-3.931682 8.248000
-3.005238 11.464000
-0.592133 8.345000
-4.547560 8.046000
-3.288123 11.191000
-4.471798 10.548000
-4.144292 8.546000
0.261709 10.532000
-1.188388 8.387000
0.274654 10.883000
-0.895956 11.458000
-3.394308 11.378000
-3.742098 8.249000
-1.382622 8.075000
-0.883548 8.265000
-4.468756 9.850000
-4.607633 9.633000
0.246557 8.815000
-2.670693 8.253000
-1.130997 11.290000
-4.325884 10.802000
-4.773354 9.353000
-1.844770 8.278000
0.268331 8.560000
0.166738 10.360000
-4.233655 9.633000
-2.206281 8.145000
-3.292659 8.420000
-2.036501 8.249000
-2.539932 8.390000
0.084949 10.154000
-2.261818 11.082000
-2.459276 11.249000
-4.143755 11.235000
-3.097882 11.438000
-2.384173 8.426000
-3.834563 8.151000
-4.237353 10.879000
-4.763273 8.454000
-3.995873 8.819000
-0.783983 11.266000
-2.364246 8.160000
-0.480936 11.171000
-4.040791 9.977000
-1.217795 11.342000
-1.651368 11.345000
-3.231808 11.339000
-4.268554 8.944000