-4.132122 10.151000
-10.534300 9.753000
-4.880853 10.749000
-8.951533 7.846000
-4.000586 9.189000
-10.457642 10.953000
-4.852936 8.635000
-8.137181 11.076000
-9.039706 11.122000
-8.014592 7.929000
-0.600008 11.202000
0.697727 7.738000
-9.773759 9.580000
-5.593255 10.544000
-1.559440 8.232000
-0.661095 7.656000
-4.147275 11.060000
-2.021946 11.088000
-4.860093 9.873000
-9.068040 7.747000
0.908727 8.160000
-5.904533 11.288000
-7.569744 8.251000
-0.812618 7.679000
-1.436015 11.350000
-2.899175 8.422000
-5.507529 9.136000
-2.860934 8.139000
-4.005596 9.822000
-4.754086 9.684000
-5.736008 7.933000
-9.476975 7.960000
-4.754862 8.255000
-2.673678 8.495000
-10.208166 9.762000
-2.548759 7.742000
-4.761304 10.044000
-10.325089 10.865000
-4.343838 8.571000
-2.047357 11.339000
-7.487897 8.064000
-10.303435 10.160000
-6.284477 11.396000
0.388536 9.063000
-6.042336 11.185000
-4.996703 9.660000
-10.713624 7.633000
-10.089095 9.746000
-10.641620 8.143000
-10.534897 9.452000
-5.086842 9.234000
-6.109568 8.254000
-3.510875 7.741000
-10.527619 10.159000
-4.234670 9.364000
-4.972304 8.582000
-4.337455 9.464000
-8.760520 8.395000
-3.726886 11.260000
0.179087 8.744000
-6.546779 7.836000
-0.498833 8.048000
-4.364598 9.134000
-9.899869 8.643000
-8.833893 11.186000
-4.228228 8.534000
-4.539030 8.679000
-5.604167 10.561000
-10.624439 9.563000
-8.549578 7.636000
-0.112567 8.174000
-0.179263 8.421000
0.895723 10.344000
-6.145301 7.840000
-10.637563 7.847000
-2.150083 8.002000
-4.224648 8.987000
-6.425322 8.062000
-4.020212 8.753000
-3.626367 8.131000
-10.461939 8.284000
-3.285975 8.080000
-5.284419 11.364000
-5.729326 7.742000
-10.732951 9.553000
-5.494166 10.153000
0.911949 8.531000
-4.664902 8.076000
-5.472988 10.472000
-5.395676 8.375000
-7.742089 11.082000
0.879318 10.072000
-5.305598 8.038000
-7.996816 8.348000
-5.305119 7.920000
-9.920211 10.763000
-10.637324 10.574000
-8.449893 11.242000
0.803079 10.286000
-9.910845 9.261000
-2.256570 8.276000
0.373622 9.981000
0.874068 9.743000
-3.246484 7.850000
0.114362 11.240000
-3.377069 8.263000
-6.682793 7.990000
-4.787314 7.826000
-10.633924 8.438000
-4.974869 9.463000
-5.103963 8.346000
0.373384 11.304000
0.176880 9.453000
-3.729271 11.080000
-4.451337 9.036000
-2.139227 11.204000
0.906938 9.478000
-3.570234 11.093000
0.528964 8.236000
-4.215164 10.648000
-6.556323 11.357000
-6.717633 7.944000
-2.977559 7.876000
-4.771087 9.442000
-1.166075 7.875000
-7.167132 7.946000
-5.174535 9.486000
-4.989961 10.179000
-9.743215 9.842000
-7.595336 11.374000
-4.929949 9.162000
-10.445652 11.159000
-4.672776 9.253000
-1.806769 11.348000
-10.540027 8.745000
-7.391792 11.254000
1.083577 10.465000
-9.112066 8.220000
-1.375166 8.165000
-6.210981 11.263000
-4.461538 8.142000
-8.645026 7.829000
-8.063568 7.990000
-9.896230 11.263000
0.893277 8.790000
0.520073 9.383000
-7.928628 11.077000
-5.652789 8.113000
-4.422523 9.368000
0.159937 8.632000
-9.888415 9.871000
-4.673074 9.872000
-4.441553 9.562000
-9.478823 11.344000
-2.465599 11.357000
-5.278335 8.432000
0.601683 9.583000
-10.441178 10.765000
-4.929711 10.111000
-9.760992 7.739000
-5.318124 8.024000
-5.604645 10.212000
0.164769 9.106000
-4.677190 9.962000
-10.009515 10.164000
0.979181 9.915000
0.087455 10.264000
0.559686 10.206000
-7.903274 11.381000
-5.105752 10.956000
-9.413561 8.351000
-7.655230 8.346000
-4.156402 11.336000
0.594167 10.302000
-4.197745 11.137000
-0.827890 8.321000
-6.746982 8.155000
-10.297708 11.367000
0.903001 11.081000
1.014198 9.052000
-4.361615 11.077000
-7.089401 11.182000
-10.747329 8.041000
-4.658697 11.246000
0.233134 8.123000
0.542863 9.177000
-3.595707 8.432000
-9.062909 8.059000
-4.116612 9.880000
-6.439579 8.165000
-4.677429 10.566000
-2.202761 11.111000
0.047488 8.159000
-9.486522 8.400000
-10.002773 10.860000
-1.726534 8.066000
-4.653390 8.334000
-6.645449 11.270000
-7.003020 11.399000
-0.360374 8.144000
-10.004742 10.967000
-1.850198 7.784000
-9.983983 9.550000
-3.831223 7.957000
-4.356545 7.938000
-7.904408 8.141000
-6.644554 8.037000
-7.576842 11.283000
-6.658274 11.370000
-1.968259 11.224000
-10.237218 9.940000
-5.189209 10.457000
-0.446933 7.685000
0.167931 9.894000
-5.293548 9.848000
1.090198 9.836000
-0.895897 8.171000
-4.555136 8.959000
-0.602874 8.423000
1.120145 9.564000
-4.357558 10.450000
-2.752123 7.748000
-5.076402 9.564000
0.265766 10.060000
-2.044555 7.955000
-10.088319 9.971000
-10.212522 7.953000
1.078088 9.119000
-2.482123 7.639000
-2.454385 7.950000
-10.219918 9.051000
-10.227673 10.669000
-5.317468 8.846000
-7.084271 7.850000
0.554854 9.733000
0.464775 10.037000
-5.291756 10.466000
-9.769881 11.327000
-7.019606 7.848000
-6.694843 7.737000
-0.280555 8.311000
-8.558645 8.338000
-9.461345 8.252000
-4.740723 10.372000
-7.361252 11.092000
-0.461427 11.081000
-0.982754 8.254000
-9.809253 9.635000
-10.213893 8.673000
-10.529408 10.654000
-7.726696 7.845000
-1.947021 8.423000
-2.263309 8.264000
0.579789 8.423000
-10.713861 10.876000
-8.393818 8.140000
-6.738809 7.962000
-5.345746 7.870000
-6.960071 11.085000
-10.465459 8.363000
-4.579656 8.242000
-4.033215 8.259000
-7.750143 8.421000
-9.699908 9.341000
-5.410709 11.155000
-9.673957 9.239000
0.931397 10.069000
-3.568921 11.376000
-5.488499 11.384000
-10.089990 7.951000
-6.966393 8.040000
-5.268194 10.317000
-9.809373 8.232000
-4.644501 8.065000
-7.069480 11.206000
0.285154 10.401000
-7.570042 8.165000
-5.277381 10.083000
-3.978334 8.364000
-4.540044 8.850000
-6.936088 8.372000
-4.229420 8.450000
-9.808895 10.945000
0.594643 10.409000
-1.714125 8.161000
-7.249157 11.265000
-4.251909 11.240000
-3.568325 8.100000
-9.682250 9.970000
-6.960608 7.673000
-4.049978 9.633000
-0.669029 7.768000
-8.231437 11.077000
-4.043476 8.531000
-4.554122 10.532000
-8.759861 11.350000
-5.717514 11.361000
-4.253342 8.839000
-6.306788 7.650000
-5.286865 9.430000
-5.183781 9.747000
-10.460328 9.134000
-5.681962 7.644000
0.790313 10.166000
-10.307253 9.159000
-2.535098 7.830000
-8.385350 8.422000
-0.758514 8.215000
0.254491 11.025000
-5.384699 10.974000
-0.443714 8.029000
-10.074240 10.646000
0.237370 10.883000
0.802661 9.561000
-7.736241 7.682000
-10.443743 10.265000
0.765257 9.125000
-5.410112 9.643000
-9.172257 8.125000
-4.294444 8.791000
-4.853411 9.256000
-5.318005 10.237000
-9.808418 8.762000
-2.707261 11.337000
-1.852107 7.983000
-2.666935 7.672000
-5.100921 8.431000
-4.889027 8.176000
-4.755757 7.978000
0.266422 8.331000
-9.669363 8.274000
-6.849767 8.273000
-7.916400 7.750000
-2.869106 7.864000
-0.487081 7.935000
-9.776503 9.732000
-3.326484 8.260000
-2.934132 7.725000
-1.518337 7.782000
-5.264853 9.735000
0.935093 9.457000
-5.160456 10.764000
-7.906377 8.058000
-4.105696 8.057000
-10.310355 8.450000
-8.241757 11.257000
-0.273993 7.638000
-3.638716 8.236000
-10.334158 7.741000
-2.528775 8.114000
-5.508185 8.958000
-9.743275 7.646000
-8.018410 7.847000
-9.890205 10.262000
-10.415944 10.374000
0.458452 7.945000
-2.040319 7.760000
-9.581431 8.418000
-1.334542 8.409000
-2.454444 7.752000
-9.344481 8.159000
-4.542310 10.447000
-10.016793 11.254000
-1.905739 11.084000
0.081730 9.061000
-4.664366 7.676000
-7.889494 8.370000
-6.363043 11.130000
-9.771432 10.349000
-3.934902 11.342000
-4.254892 9.385000
0.577464 11.173000
-4.776874 7.722000
-4.938302 11.223000
-2.030834 8.049000
-7.887764 11.283000
-9.894500 8.045000
-5.062084 11.079000
0.695461 11.096000
-10.000328 10.473000
-4.854724 9.341000
-8.149651 7.845000
-4.439406 8.753000
-10.006831 9.162000
-6.856809 8.420000
-7.833775 11.074000
-6.378194 7.644000
-5.400925 9.468000
-4.019673 7.872000
-10.120175 10.376000
-0.367890 8.266000
-4.057434 10.353000
0.590110 10.188000
-5.473406 9.276000
-10.533286 9.971000
-4.000287 9.367000
-1.518994 7.984000
-5.689477 8.153000
-8.644131 7.753000
-3.817264 7.853000
-2.347721 7.659000
-4.228704 10.319000
-4.869160 10.657000
-2.120555 11.288000
0.853607 10.620000
-8.969669 11.151000
-6.768339 7.646000
-10.401986 8.275000
-8.426092 7.636000
-9.813071 10.168000
-9.995257 10.074000
-9.446255 11.085000
-9.596761 11.079000
-4.123533 8.160000
-10.226600 7.826000
-4.562116 8.524000
-4.754682 9.863000
0.609379 8.776000
-9.549757 8.402000
-5.811949 7.644000
-5.077953 9.654000
-9.412607 7.886000
-10.298783 9.452000
-5.012213 10.448000
-6.363280 8.348000
0.165068 8.056000
-4.057196 7.634000
-7.399846 8.139000
-4.993243 7.952000
-7.707308 11.167000
-1.467991 8.121000
-6.960487 11.346000
1.007398 10.646000
-0.262539 8.067000
-4.117328 9.070000
-8.418634 11.364000
-1.235573 7.729000
-3.202937 11.086000
0.894709 9.973000
-4.550960 9.136000
-4.422583 8.563000
-10.235369 8.558000
0.145382 11.342000
-9.789150 9.457000
-1.525137 11.358000
-8.858113 8.247000
0.022791 7.830000
-4.750268 10.462000
-6.047406 11.350000
-5.424608 10.340000
-9.789448 8.660000
-9.780321 8.343000
-1.235513 8.052000
0.559268 7.738000
-4.674327 8.732000
-9.755325 10.046000
-9.685710 11.050000
0.794965 7.785000
-3.822990 11.343000
0.899720 9.368000
-8.655824 8.424000
0.794071 8.874000
-0.594042 7.917000
-9.984103 8.746000
-7.169399 7.863000
-10.527977 8.450000
-4.930726 7.629000
-4.444775 7.844000
-0.881580 8.060000
-8.345916 7.844000
-4.131646 8.354000
-4.670509 9.342000
-7.125018 8.334000
1.015212 10.882000
0.603890 8.174000
-4.966518 8.380000
-0.144900 7.967000
-9.923612 8.451000
-4.367103 9.938000
-10.094762 8.233000
-4.989485 7.763000
-1.095025 8.352000
-0.898761 7.639000
-4.480030 11.345000
0.090258 10.375000
-4.996526 10.968000
-4.754444 9.156000
-10.395245 7.969000
-6.121140 11.178000
-3.411251 7.919000
0.805763 10.397000
-8.716134 11.364000
-4.439584 9.477000
-4.440539 9.654000
-10.646631 9.152000
-0.465069 8.343000
-1.339611 8.035000
-4.222501 8.170000
0.542863 8.942000
-5.264077 9.322000
0.909921 10.583000
0.932590 7.913000
-5.299810 8.365000
-5.388338 8.552000
0.857425 10.245000
-0.162557 7.655000
0.554615 9.284000
-2.464824 8.057000
-4.885088 7.835000
-4.680650 10.053000
1.117461 9.458000
-10.334754 8.044000
-3.070681 7.863000
-5.181514 8.059000
-4.670747 11.339000
-6.646882 11.082000
-7.794703 7.842000
-2.659239 11.295000
-4.532527 10.777000
1.002804 8.945000
0.898229 10.962000
-5.097161 11.367000
-6.755333 11.390000
-9.331777 8.434000
-6.637276 7.846000
-4.750149 8.061000
-5.180500 10.269000
-4.993421 11.187000
-8.954517 7.667000
0.145979 9.254000
-4.685601 10.660000
-5.308877 9.544000
0.349581 8.147000
0.250613 9.731000
-4.658876 8.162000
-4.004940 10.262000
-5.624750 11.280000
-9.901360 9.037000
-9.771492 9.432000
0.988367 11.021000
-8.105743 11.191000
-0.184689 8.233000
-10.093152 9.684000
-5.081652 7.855000
-8.221296 8.357000
-10.233758 11.362000
-3.486297 8.270000
-4.885208 7.645000
-4.792026 8.937000
0.676491 10.617000
1.133508 9.081000
-10.203035 9.560000
-2.085060 11.168000
-10.742496 9.345000
-10.332666 10.348000
0.359722 8.841000
-9.911144 11.151000
0.939211 7.788000
-9.136645 8.400000
-5.276366 10.695000
-4.441433 10.183000
-6.677066 8.078000
-9.755803 9.054000
0.854083 8.939000
-9.800960 10.546000
1.021118 9.158000
-9.806151 9.844000
0.459466 9.928000
0.165486 8.411000
-6.237110 7.850000
-0.747596 11.086000
-7.501439 8.255000
-9.165755 7.640000
-10.720782 7.857000
0.476467 10.263000
-6.683329 8.357000
0.208617 8.497000
-5.004219 10.943000
-5.654400 7.750000
-7.731171 7.764000
-8.968060 8.417000
0.386923 9.152000
-6.219393 8.280000
-10.097626 9.258000
-10.417437 9.436000
-0.278348 7.755000
-5.803179 11.283000
1.098371 8.761000
-5.313412 8.109000
-7.834317 8.432000
0.991768 8.840000
-5.580012 9.169000
-9.568127 11.356000
-1.509508 7.872000
-9.811640 8.843000
1.115074 7.645000
-9.702175 10.459000
-0.769011 7.960000
-6.779732 11.176000
-4.060596 11.253000
-4.122101 9.966000
-7.354868 7.842000
-7.178048 11.267000
0.890533 7.829000
-10.124769 8.068000
-9.158357 7.948000
0.086143 10.750000
-1.944453 7.773000
-3.910862 7.951000
-4.875007 8.747000
-9.097330 8.178000
-10.412425 10.441000
-5.966812 8.199000
0.160653 9.679000
-1.427960 8.319000
-9.683324 8.865000
0.371534 11.068000
-9.663397 7.743000
-9.701877 9.831000
-0.061919 8.135000
-5.394304 8.839000
-9.571468 8.158000
0.236117 9.183000
-10.072749 10.168000
-4.863493 10.054000
0.896496 8.930000
-7.083674 11.254000
-0.467932 8.122000
-10.624975 11.062000
-3.213791 7.783000
-1.838923 11.182000
0.780111 8.034000
-10.472020 9.444000
-10.151315 7.653000
-10.640128 11.241000
-2.888733 7.883000
-5.584426 9.778000
-2.132665 7.947000
-0.643081 8.437000
-2.892491 8.269000
-2.559914 7.769000
0.216491 10.805000
0.381732 11.334000
-10.070244 10.998000
-9.428415 8.212000
-10.717679 10.671000
-3.621296 7.666000
-5.169404 11.253000
-10.634222 9.650000
-6.849231 7.745000
-10.014407 8.340000
-5.987872 8.115000
-5.726703 8.432000
-5.199052 10.547000
0.274058 9.033000
-5.072942 10.167000
-3.211528 8.457000
-10.554403 10.546000
-5.911036 7.841000
-4.259367 9.740000
-5.488082 8.472000
-5.387622 11.369000
-0.044562 8.423000
-2.455279 8.150000
-3.586042 7.654000
-10.318647 7.946000
-1.110896 8.423000
0.865535 8.331000
-10.642455 10.367000
-9.770955 7.880000
-9.032307 7.862000
-4.283766 9.136000
-10.726330 11.335000
-4.970158 7.840000
0.783989 10.051000
-1.011091 7.737000
-9.988457 7.962000
0.663188 11.349000
-3.422347 8.023000
-4.867907 10.146000
-3.966759 11.167000
-6.879893 7.948000
-9.759322 10.567000
-5.694605 7.864000
-5.702720 8.259000
0.602101 9.941000
-6.673546 8.166000
0.689316 10.473000
0.260457 8.923000
0.556166 7.864000
-5.504963 9.658000
0.164591 10.251000
-4.257696 10.181000
-6.846247 8.362000
-3.509861 11.370000
-3.078495 7.972000
-4.329104 8.460000
0.127781 11.335000
-4.773354 9.265000
-6.288472 11.258000
0.891189 8.187000
-4.975465 9.554000
-10.087843 8.156000
-4.456765 8.861000
-4.873933 9.453000
-5.970213 11.358000
-5.926846 8.226000
-7.199942 8.236000
0.267913 9.266000
-10.315604 9.969000
-4.688346 7.626000
-4.962700 9.701000
-10.719231 9.032000
-4.607751 10.936000
-5.196309 8.445000
0.673210 8.844000
-10.008978 8.635000
-10.432111 11.048000
0.803198 7.661000
-0.773365 7.756000
-10.238889 8.854000
-9.895753 8.566000
-4.337753 9.376000
-5.719901 7.634000
0.780171 11.036000
-3.310315 7.635000
-1.714483 7.956000
-1.924529 7.952000
-8.873445 7.746000
-5.284419 10.963000
-4.367521 9.044000
-10.199635 10.468000
-2.356788 11.172000
-10.544978 10.250000
-0.369441 8.048000
-1.706729 7.643000
-5.313412 7.832000
-0.782374 8.072000
-5.527155 10.350000
-1.334838 8.246000
-9.912337 10.052000
-7.975697 8.054000
-1.615754 8.177000
-6.390485 8.434000
0.161369 8.184000
0.590229 9.472000
-10.417615 8.652000
-8.776207 8.146000
0.079463 8.366000
-8.502393 8.394000
0.940762 9.217000
-6.552449 8.433000
-2.132665 7.748000
-0.485172 8.147000
-9.983804 9.341000
-4.554957 11.067000
-4.974929 9.374000
-0.900371 7.961000
1.003460 9.892000
-2.566417 7.956000
-3.842559 11.127000
-10.127572 9.085000
-10.069767 9.165000
0.362168 8.479000
-6.232039 7.934000
-4.440659 8.667000
-4.154732 9.638000
-5.488200 10.653000
-4.753071 10.882000
-4.768403 8.363000
-7.286979 8.333000
-9.915678 7.937000
-3.915515 7.867000
-9.777457 10.279000
-8.315732 8.426000
-4.524712 9.466000
0.762454 8.655000
-9.883345 9.158000
-2.555917 8.047000
-1.614799 7.770000
-10.403835 8.982000
-8.944077 8.354000
-1.795912 11.247000
-0.119248 7.948000
-4.226795 9.975000
-5.071213 7.751000
-4.209197 8.063000
-1.469897 11.205000
-7.268190 11.083000
0.860765 10.856000
-2.863857 7.754000
-0.048020 8.239000
-4.032142 10.584000
0.583369 9.032000
0.464775 9.238000
-5.303867 7.644000
0.085725 10.862000
-8.165163 8.410000
-5.418583 10.754000
-10.433960 9.979000
-3.996051 10.890000
0.480643 10.871000
-5.589793 11.394000
-5.580310 9.259000
1.012767 10.766000
-2.475266 8.415000
-4.128304 9.445000
-9.446014 8.420000
-7.593904 7.847000
-4.969380 10.671000
-3.474247 8.167000
-4.756889 9.954000
-1.436968 11.078000
-0.985976 8.045000
-4.281917 8.682000
-4.353740 10.982000
0.847880 10.127000
-9.755564 10.640000
-5.000879 8.142000
-5.179428 7.851000
-7.396266 11.175000
0.843883 11.237000
0.161071 7.832000
0.874426 8.445000
-6.609775 11.151000
-8.323068 11.084000
-10.222484 9.845000
-5.294023 8.456000
-8.119047 11.360000
-3.388583 8.172000
-4.685721 10.145000
-5.103605 9.850000
-2.272200 8.419000
0.667662 11.117000
0.367358 10.341000
-4.362510 7.853000
-0.853067 7.633000
-10.614239 8.250000
-7.378848 7.758000
-3.215401 11.079000
-7.491297 11.184000
-6.650639 7.946000
-5.400567 10.571000
-10.399181 9.870000
-3.114347 11.350000
-4.029098 8.346000
-4.448533 8.037000
-10.406281 9.571000
-2.256628 7.865000
-4.672298 10.733000
0.635803 9.615000
-5.075686 10.261000
0.856410 9.520000
-6.111775 11.078000
-10.094703 8.445000
-1.935624 7.662000
-0.599709 7.710000
-5.586276 10.868000
1.013243 10.996000
-10.529170 11.349000
-5.971707 8.419000
-4.552511 9.934000
1.131539 9.679000
-4.351593 10.355000
-7.690665 8.045000
-4.242902 7.825000
-8.864497 8.031000
-0.705657 8.226000
-5.163081 8.778000
-9.751567 9.262000
-5.971943 8.010000
-7.028555 7.963000
-5.600293 8.056000
0.883491 11.329000
-0.156535 8.399000
-4.597370 8.425000
0.549545 9.624000
-8.780801 7.629000
0.778024 9.939000
-9.902017 9.743000
-2.554307 7.661000
-7.723535 8.169000
-10.398824 7.741000
-5.280124 9.257000
-1.953819 11.360000
-10.725197 9.464000
-6.691323 7.821000
-5.085291 8.967000
-4.448175 10.269000
0.978524 8.736000
-8.375325 8.370000
0.082864 9.542000
0.250912 8.228000
-10.091541 8.739000
-0.384593 7.741000
0.380900 10.093000
-0.137027 11.130000
-4.934065 9.337000
-6.963827 11.282000
-7.706415 7.663000
-6.332678 8.132000
-4.930009 8.985000
-3.497452 11.271000
-7.800907 11.184000
-0.169894 11.081000
0.902047 11.196000
-4.206034 11.028000
-10.423819 10.241000
-4.140891 10.340000
0.989978 11.140000
-9.031653 8.417000
1.094613 8.526000
-5.600951 8.920000
-2.126103 8.035000
-5.300347 9.787000
0.588738 8.663000
-4.051350 9.268000
-2.579122 11.240000
-9.686426 9.443000
-3.662759 8.404000
-4.934246 10.579000
0.990157 7.747000
-10.465697 8.582000
-4.578998 11.087000
-4.991811 11.362000
-3.562953 11.228000
-8.797089 11.096000
-5.253577 9.568000
-4.528413 11.341000
-9.996690 9.635000
0.166500 11.080000
-3.896247 7.847000
0.747898 10.936000
-4.239502 9.275000
-10.530960 8.035000
-10.212104 7.655000
-8.762426 11.271000
-10.217055 8.752000
0.561655 10.695000
-7.683151 8.423000
-9.692093 10.062000
-10.666314 10.767000
0.166380 9.787000
-4.607633 7.826000
-10.227315 10.362000
-6.774602 8.450000
-10.735815 9.851000
-4.049381 9.539000
-2.885451 8.077000
-6.855256 8.072000
-1.783983 11.089000
-10.522728 7.751000
-4.520180 7.646000
-4.870831 8.838000
-4.553526 9.047000
-4.609365 10.136000
-3.495126 11.159000
-3.476096 8.359000
0.585875 9.368000
0.236117 9.972000
-9.166172 8.339000
-1.382266 8.461000
-7.691800 11.113000
1.020103 7.954000
-6.631251 8.381000
-9.096077 7.868000
-10.606960 10.962000
-5.492138 7.664000
-10.127751 10.546000
-7.382429 11.116000
0.112989 8.224000
-4.866893 10.988000
-0.235038 8.271000
-4.546904 9.750000
0.083340 8.462000
-3.239564 8.124000
-4.154612 9.735000
-2.064064 8.427000
-9.601716 9.286000
-4.624874 8.118000
0.769672 8.523000
-9.670914 8.352000
-3.634301 8.046000
0.804451 8.978000
-4.253282 9.563000
-5.196845 11.039000
-5.516477 8.237000
-10.402641 11.181000
-10.090646 9.476000
-7.154843 7.760000
-4.037869 9.068000
-7.502632 8.342000
-4.552451 11.237000
-8.746797 8.266000
-5.692641 8.389000
-10.294308 8.559000
-1.835702 8.162000
-5.405876 10.829000
-3.986747 10.414000
-0.812618 8.001000
-2.447287 11.089000
-7.079081 8.354000
0.275012 10.173000
-9.178640 7.736000
-0.878420 7.984000
-0.020459 7.872000
-7.287933 7.833000
0.688124 8.347000
-10.296992 11.056000
-9.915678 10.158000
-10.109199 8.257000
0.676670 10.731000
-9.981954 11.362000
-8.116782 11.087000
-9.101506 7.637000
0.926922 8.403000
-9.809789 10.872000
0.807254 9.666000
-4.868564 8.929000
-5.292293 11.292000
-7.480679 7.754000
-7.923797 8.238000
0.218996 10.922000
-10.130078 8.863000
-4.284899 9.949000
-4.147693 8.827000
-8.537530 8.433000
-9.795951 11.086000
-10.014287 9.251000
-5.170180 7.953000
-5.411067 9.035000
0.589872 7.953000
-9.152692 11.086000
-5.966156 11.190000
-6.963470 8.126000
-4.560684 10.629000
-8.641506 8.261000
-10.720841 10.465000
0.032634 7.710000
-4.473588 8.337000
-9.994541 10.549000
-4.545293 9.663000
-10.096194 11.177000
-4.297786 7.910000
-4.873575 10.238000
-6.027423 8.065000
-10.624081 10.278000
-9.811938 7.871000
-2.679940 8.162000
-2.565345 8.099000
0.747540 7.826000
-5.241647 8.852000
-10.625691 9.870000
-7.480619 7.635000
-3.805571 7.747000
-3.400217 8.430000
-5.476150 9.462000
-10.211208 11.184000
-7.426751 7.739000
-1.597440 11.190000
-5.188732 8.250000
-10.524755 9.667000
-4.678145 7.712000
0.425284 9.835000
-5.280482 9.165000
-2.446570 7.646000
-0.894107 11.341000
-6.946650 8.432000
-3.095261 8.420000
-3.527936 8.036000
-4.139222 8.632000
-4.281677 10.555000
-7.473043 7.959000
0.270240 10.765000
0.368790 8.948000
-3.996827 8.454000
-6.934060 7.757000
-2.769184 7.957000
-5.002608 10.363000
0.083400 10.525000
-9.818082 9.938000
-10.550169 7.946000
-4.205796 11.374000
-4.982207 7.847000
-0.994507 8.158000
-7.703132 8.412000
-9.765765 9.142000
-4.586276 11.353000
0.335741 9.338000
-4.043833 10.884000
-1.413821 11.171000
-1.108686 11.264000
-5.082367 9.059000
-10.105261 11.059000
-9.682307 11.245000
-8.936619 8.266000
-0.803612 11.123000
-9.816949 8.542000
-5.817974 7.835000
-9.803944 9.332000
-5.693713 8.062000
-1.607283 8.061000
-4.678861 8.640000
-7.363278 7.659000
-5.595224 8.464000
-5.500012 10.740000
-8.035828 11.195000
-4.546068 10.972000
-5.074731 11.174000
-2.573635 7.871000
-9.349850 8.262000
-0.763224 8.171000
1.020521 9.757000
-3.517258 7.930000
-9.701577 11.177000
-3.956319 7.623000
-4.774011 8.740000
0.589156 10.675000
-3.985970 10.337000
0.774444 9.232000
-6.990970 11.237000
-5.002192 9.743000
0.135955 10.008000
-10.474168 9.301000
-5.179664 11.358000
-10.722333 8.840000
-5.387682 9.956000
0.340096 7.919000
-4.527934 9.375000
0.477419 9.517000
0.595300 8.530000
0.932351 9.706000
-0.602452 7.881000
-4.219517 9.167000
0.595061 9.138000
-6.884068 11.359000
-4.667944 9.520000
0.209511 8.961000
-8.715061 8.058000
-4.363167 9.748000
-0.314558 11.172000
0.266660 8.790000
-1.604718 7.659000
0.874784 9.048000
-1.508735 11.089000
0.453679 9.131000
-10.301288 8.856000
-3.828123 8.337000
0.784168 8.263000
-4.431948 10.867000
-9.819036 10.641000
-4.234670 9.541000
-10.306597 8.160000
-1.324757 8.338000
-0.148896 8.092000
-4.961089 8.469000
0.476229 10.752000
0.376307 11.189000
-5.298796 7.730000
0.889996 10.721000
-4.979045 7.659000
-10.724182 10.148000
0.234507 10.552000
-10.627959 9.273000
0.377380 10.684000
0.086918 10.977000
-5.097639 8.154000
-8.209365 8.251000
-4.653268 10.980000
-10.399719 7.842000
-2.967480 8.392000
-4.289493 8.424000
-10.114567 8.547000
-2.981377 8.258000
-5.605481 10.452000
-1.151458 11.208000
-1.069674 11.089000
-4.012637 9.785000
0.530575 8.834000
-6.757123 8.347000
-0.807368 11.174000
1.085963 8.151000
-5.601488 10.044000
-0.177470 7.737000
-10.115522 9.150000
-4.469949 9.945000
0.882002 8.314000
-2.886168 8.358000
-2.994739 11.360000
-6.332081 8.217000
-10.410039 8.439000
-2.756717 11.139000
0.910994 7.806000
-9.254283 8.064000
-4.370503 11.344000
-10.401568 8.763000
0.989202 9.419000
-3.810522 7.663000
-9.344718 11.275000
-4.785465 7.636000
-7.285726 8.249000
-9.094527 7.944000
0.146694 7.951000
-7.065898 8.161000
-4.922849 11.127000
1.028097 8.692000
-0.255023 7.946000
-2.238432 11.287000
-6.641392 7.762000
-0.470139 7.910000
-4.113212 9.156000
1.009783 9.646000
-7.692335 7.960000
0.706077 9.487000
-3.627798 11.183000
-1.609550 7.856000
-8.649380 8.146000
-1.859921 8.010000
-4.000884 9.460000
-8.838845 8.147000
-4.528768 10.263000
-2.986803 11.081000
-6.763745 7.735000
-1.001128 11.187000
-7.166058 8.367000
-6.867603 11.267000
-0.169835 8.337000
-3.008284 8.431000
1.101175 10.939000
1.117341 10.182000
-4.481045 10.639000
-4.218085 10.234000
-2.666637 8.055000
-8.391313 7.830000
-2.779326 8.062000
-8.248978 8.429000
-3.254539 8.151000
0.533498 10.713000
-4.266346 9.030000
-5.286805 7.625000
-5.092449 10.865000
-5.190940 8.533000
-9.761649 8.170000
0.491262 7.673000
-4.126636 10.265000
-5.600533 10.634000
-2.109819 8.362000
-5.598145 8.139000
-1.822101 11.150000
-10.114746 10.153000
-4.647064 10.878000
-8.015128 11.162000
-5.594149 7.859000
-7.401815 8.053000
-4.340557 10.785000
-9.602489 8.046000
-9.484312 11.179000
-10.004624 8.848000
-4.925415 10.630000
-10.300930 9.873000
-3.915095 11.083000
1.116507 8.871000
0.104812 11.194000
-9.767077 8.861000
1.015092 8.082000
-6.340133 11.075000
-1.172221 8.428000
-5.298438 9.187000
-4.124129 8.975000
-0.380955 11.081000
0.880988 8.682000
-10.118922 11.353000
-2.989430 11.250000
-7.807588 8.357000
0.824969 9.073000
-7.617650 8.429000
0.691702 9.055000
-5.304821 8.651000
-9.689230 10.683000
-5.318959 10.742000
-10.401210 9.352000
-9.697462 10.531000
-9.885432 10.570000
-2.135827 8.147000
-4.050872 11.149000
-9.047399 8.326000
-3.949222 8.257000
-10.443505 8.189000
-8.734032 7.644000
-8.440051 7.966000
-9.569976 11.279000
-0.111793 11.108000
-5.104201 9.941000
-1.834628 8.372000
-4.841244 8.350000
-9.769345 8.474000
-10.128885 8.144000
-0.315692 8.454000
-9.265140 11.077000
-9.159968 7.870000
-2.775448 8.349000
-3.181401 8.065000
-5.303807 9.877000
-9.897006 8.951000
-8.312688 7.959000
0.569470 9.496000
-4.875902 9.538000
-1.548404 8.325000
-0.486842 8.364000
-6.557815 7.942000
-1.003455 7.948000
-8.140105 8.254000
-10.428532 8.160000
0.600729 11.147000
-2.754807 11.263000
-10.089095 8.657000
0.366702 8.252000
-9.692153 8.946000
-9.679026 7.843000
-0.056073 11.239000
0.718488 9.975000
-9.997584 7.757000
-9.106161 11.116000
-9.259115 8.356000
-9.917527 9.561000
-9.913529 11.070000
-4.216176 11.298000
-10.392023 10.054000
-1.380893 7.956000
-8.116783 8.432000
0.688958 9.634000
-5.797393 8.268000
-10.733608 9.262000
-10.616564 11.356000
-2.919037 7.629000
-4.995273 11.384000
-5.390844 8.465000
-1.082975 11.361000
-10.426622 11.360000
-10.091362 8.961000
-1.830750 11.370000
-4.947131 7.735000
-9.572841 7.853000
0.465133 8.765000
-2.677793 11.089000
0.380244 8.584000
-5.719245 8.364000
-1.570834 8.137000
-9.795115 9.757000
-10.212282 10.264000
0.605919 11.270000
-6.624274 8.423000
-3.968012 7.731000
-8.627665 11.280000
-1.862249 7.693000
-3.607695 7.837000
0.210406 8.144000
-6.322536 7.945000
-4.854962 11.058000
-10.633745 9.753000
-0.769667 7.637000
-3.993248 9.984000
-5.087080 11.269000
-0.458089 7.797000
-3.299577 8.378000
0.216073 8.597000
-4.049739 9.447000
-5.512003 8.325000
-4.044191 10.071000
-8.859784 7.952000
-8.758847 8.047000
-0.478791 11.119000
-0.731907 8.422000
-5.507290 8.044000
-6.764937 11.078000
-4.988172 8.868000
-9.774952 8.036000
-9.994959 9.860000
-5.582517 10.361000
0.484103 10.379000
-4.858124 10.890000
0.122591 8.531000
-7.267352 8.147000
-10.629033 7.738000
-4.772400 8.830000
-0.077072 8.033000
-7.364055 8.392000
0.719383 9.270000
-5.384760 8.266000
0.668795 8.604000
-5.479730 8.651000
-0.808740 8.212000
0.090679 11.070000
-2.987405 8.412000
-4.051887 9.723000
0.148185 10.830000
-1.152950 8.296000
-9.057660 7.940000
-9.747569 10.795000
-5.915331 8.041000
-10.741840 9.636000
-6.370857 7.731000
-5.163081 7.767000
-1.701120 11.270000
-5.282749 8.345000
-8.965492 11.250000
-10.472080 8.072000
-2.379935 11.080000
-3.978571 10.813000
-1.942246 8.262000
0.154926 9.573000
-9.187886 11.256000
-10.403715 10.635000
-7.450914 8.399000
-8.851968 11.287000
0.082384 8.554000
-5.481639 9.546000
0.904728 7.686000
0.817037 8.480000
-3.613302 11.266000
-8.524105 11.078000
-2.130518 8.234000
-4.604709 10.158000
-10.643349 11.163000
-10.308983 10.765000
-10.625990 10.150000
-4.006909 9.015000
-4.245288 10.971000
-4.373010 8.327000
-1.034717 8.514000
-7.693768 7.862000
-9.428953 7.956000
-9.800186 7.927000
-4.341273 9.287000
-10.523144 10.862000
-10.407414 10.959000
-3.253286 11.123000
-4.269030 10.366000
-2.970639 8.153000
-4.569812 8.432000
-5.898928 8.428000
-1.704702 8.418000
-10.119518 9.868000
-2.195779 11.349000
-6.356361 7.985000
-7.276003 7.726000
-7.810094 11.359000
-10.516702 9.055000
0.474498 9.790000
-4.351713 8.938000
-3.515467 7.778000
-3.151036 7.750000
0.088945 9.165000
-6.158604 7.942000
-10.632253 10.776000
-9.042627 8.249000
0.258786 9.948000
-7.081348 7.933000
-7.267054 8.064000
-3.278757 8.164000
0.355964 9.654000
-1.604718 8.268000
-4.263185 7.843000
-9.802273 10.076000
-9.823928 9.149000
-10.399957 8.559000
-10.631836 8.354000
-9.330643 11.131000
0.355010 10.114000
-1.390556 7.664000
-4.516064 8.146000
-10.451738 9.726000
-3.245530 7.661000
-10.068931 11.364000
-5.595342 8.223000
-0.553537 7.671000
-10.438971 10.334000
-5.478655 10.564000
-9.993528 8.036000
-5.183005 9.246000
-8.860858 7.648000
-4.979820 10.762000
-3.794477 11.087000
0.993677 10.520000
0.839647 9.652000
-9.917646 10.840000
-7.032789 8.118000
-7.741610 7.942000
-0.590343 11.249000
-7.908584 7.636000
-5.828354 7.944000
-0.649700 8.071000
0.766272 9.824000
-7.667459 11.368000
-2.139406 11.091000
-0.901504 7.758000
0.558669 8.366000
-2.576855 8.141000
-6.778002 7.834000
-10.408488 8.846000
0.591243 10.788000
-2.285738 8.165000
-6.242362 11.086000
-2.756360 8.147000
0.361035 10.826000
-7.893134 7.957000
-5.069780 10.077000
-9.093214 8.024000
-8.715778 7.859000
-5.506514 10.838000
1.069021 10.725000
-4.453424 10.366000
-7.989894 8.157000
-5.426517 11.248000
-3.921540 8.058000
-4.236937 8.731000
-7.673663 8.277000
0.289804 9.413000
-4.127230 10.874000
0.566010 8.685000
-4.364001 9.843000
-5.265210 9.925000
-9.774117 7.955000
0.486012 10.989000
-8.937336 7.748000
-1.959846 8.448000
-10.549512 8.551000
-2.759161 11.376000
-5.069602 8.762000
-6.379745 11.170000
-2.128668 7.637000
-10.467784 10.155000
0.563444 9.846000
-3.736789 8.332000
-4.344017 10.263000
-8.074666 8.316000
-4.232582 8.364000
-10.721855 10.268000
-7.873030 11.176000
-4.960910 10.575000
-2.343187 11.363000
0.082863 9.738000
-0.791439 11.082000
-4.987874 8.037000
-10.624200 8.851000
-4.011980 8.928000
-5.895584 11.367000
-9.029562 11.393000
-10.424713 11.285000
-8.438977 8.047000
-1.847453 11.286000
-4.661322 10.384000
-5.417748 7.949000
-6.034581 8.264000
-6.355408 8.392000
0.275489 10.997000
-1.220659 8.354000
-5.396689 11.069000
1.026010 10.504000
-2.542376 8.224000
-10.535613 8.232000
0.971781 9.318000
-5.912229 8.125000
-10.322525 7.644000
-10.233758 9.664000
-4.351773 7.747000
-2.194050 8.294000
-4.273983 8.855000
-10.222304 10.140000
1.009365 8.580000
-10.474586 7.770000
-1.861294 7.892000
-5.604763 9.726000
0.251150 11.256000
1.108632 11.180000
-4.116254 10.681000
1.003520 9.535000
-0.676187 11.187000
-9.975572 7.646000
1.105471 11.295000
-0.474136 8.246000
-2.852701 7.652000
-7.195348 11.366000
0.538867 10.833000
0.582833 10.556000
-2.669262 7.859000
-8.391015 8.059000
-5.414467 10.159000
0.536718 8.335000
-5.587230 10.454000
-1.724625 7.866000
-8.396921 7.744000
-2.994024 8.367000
-1.147520 8.199000
-5.186645 8.333000
-10.746254 9.941000
0.791207 9.802000
-2.879724 11.363000
0.114538 8.635000
-6.745015 11.096000
0.983833 8.232000
-9.890264 9.658000
0.891845 9.261000
-10.408726 10.145000
-9.161161 8.261000
-1.506287 7.673000
-10.459314 8.774000
0.257355 11.145000
0.804630 10.782000
-5.392454 7.739000
-4.464282 9.762000
-1.707088 11.364000
-4.943968 9.951000
-1.344383 7.828000
-6.420790 11.094000
-8.610843 11.168000
-9.255655 7.948000
-4.609482 9.812000
-4.538373 8.766000
-4.525428 10.164000
0.907832 8.897000
-4.937585 9.424000
-4.608109 10.253000
-4.346820 10.884000
-7.019546 7.768000
-4.253640 9.473000
0.082027 8.687000
-4.886459 8.406000
-7.248743 8.418000
-0.934968 11.201000
0.779217 8.766000
-10.541100 10.965000
0.795740 8.367000
-8.056588 8.155000
-9.774415 8.632000
-10.721140 8.165000
0.892144 8.555000
-3.011443 11.156000
-5.258648 8.964000
-7.605775 8.035000
-5.076820 7.669000
-2.197212 7.805000
-7.586507 8.355000
-5.294202 10.891000
0.482729 7.644000
-4.067457 8.832000
-0.760957 11.359000
-7.800790 8.392000
0.144308 7.731000
1.085128 8.654000
0.839587 8.225000
1.119071 8.367000
-7.350511 8.246000
-1.755880 11.077000
1.017300 8.451000
-9.983088 9.765000
-0.138636 7.846000
-10.715294 8.540000
-7.476265 11.078000
-2.351301 7.850000
-3.935738 8.164000
-1.155217 7.765000
-6.343714 7.880000
-4.858602 9.690000
-2.760534 8.242000
-2.535694 7.640000
-6.224582 11.357000
0.082627 10.467000
-5.301600 9.367000
-5.175071 9.578000
-4.580491 10.374000
-10.112300 9.445000
-5.269923 11.267000
-4.036019 9.154000
-9.703129 10.156000
0.679295 10.244000
-2.508610 11.289000
-5.678323 11.120000
-2.262475 8.060000
-10.420717 10.736000
-3.882468 8.042000
-4.597968 11.279000
-4.251134 7.738000
-7.502870 11.365000
0.460719 11.248000
-9.477094 8.354000
-10.409442 9.740000
0.450577 9.364000
-8.538004 8.243000
0.698801 10.592000
-10.329743 9.043000
-7.424365 8.403000
-4.039776 11.051000
-10.650687 10.046000
-6.653025 8.231000
0.080717 8.729000
-5.988227 7.847000
-2.257284 7.668000
-9.696150 9.530000
-9.694360 8.425000
-10.459612 9.662000
-2.655541 11.182000
-8.234360 8.031000
-1.518456 11.250000
-6.544989 11.262000
-4.844523 10.380000
-9.446613 11.220000
-8.381528 11.249000
-4.852875 8.266000
-4.599877 10.839000
-8.435937 8.397000
0.491321 8.984000
-2.883783 8.065000
-10.472140 7.918000
-9.901957 10.356000
0.374040 10.457000
-6.335839 8.048000
-5.393647 10.478000
-1.112266 8.253000
0.430891 10.530000
-4.962998 9.790000
0.685498 8.951000
-3.107129 11.242000
-4.045622 11.339000
-2.861948 7.946000
-8.441960 7.731000
-9.816591 8.931000
-5.497805 7.854000
-9.921107 8.743000
-4.859497 9.782000
-10.303853 8.368000
-1.284429 11.184000
0.388238 10.806000
-0.652862 7.863000
-2.874294 11.081000
-1.635795 11.079000
-10.318170 10.257000
-10.534360 8.155000
-8.858051 11.079000
-5.069304 8.852000
-0.396464 11.230000
0.220845 11.039000
-4.011681 8.561000
-7.709158 8.142000
0.791864 9.448000
0.749031 9.016000
-0.471275 8.428000
-8.056290 8.237000
-9.749837 11.306000
0.669750 8.241000
-7.722222 11.262000
-6.046930 7.642000
-1.189579 11.089000
-4.546727 7.753000
-2.572677 11.079000
-10.531913 11.191000
0.594047 7.945000
0.271075 7.853000
-2.562540 11.088000
-3.507653 11.081000
0.691643 10.977000
0.710494 9.163000
-5.400627 8.662000
0.281276 8.665000
-2.244758 7.818000
0.657103 9.546000
-8.116542 7.962000
-8.294254 8.262000
-3.618611 11.080000
-9.810386 11.245000
-3.395801 11.080000
-3.740069 11.180000
-10.548438 10.745000
-5.473943 9.370000
-4.468756 9.142000
-7.374016 7.843000
-10.087305 10.880000
-4.014364 7.957000
-9.366195 8.050000
-1.168463 11.336000
-4.548097 9.843000
-2.970341 7.769000
-4.872857 8.754000
-9.794340 9.374000
-10.225585 9.135000
-3.073246 7.673000
0.367955 9.872000
-4.987874 9.045000
-4.673134 8.268000
-5.072047 7.944000
-10.620382 9.047000
-4.052363 10.258000
0.466326 9.684000
-10.627720 7.969000
-6.553043 8.030000
-10.537998 10.452000
-10.543725 9.843000
-10.129720 9.735000
-10.430262 11.392000
-5.491124 10.058000
-7.336074 11.359000
-10.242825 10.768000
-10.480492 8.759000
-10.006950 9.947000
-4.263900 11.340000
-9.272657 7.852000
-4.159027 11.154000
-4.653806 7.971000
0.613077 8.051000
-10.315307 9.374000
-1.936519 8.062000
-4.695266 8.838000
0.082683 9.159000
-2.356013 8.251000
-0.360970 7.927000
0.182667 10.708000
-9.673299 11.382000
-4.229419 10.785000
-1.813095 8.069000
-10.083965 8.876000
-1.331737 7.921000
-3.711495 7.846000
-6.926304 11.161000
0.165127 9.345000
-2.973921 7.959000
-5.182767 9.064000
-4.453246 8.949000
-0.595832 11.360000
-4.597372 10.578000
-3.246782 8.040000
1.122650 10.680000
-10.425310 11.065000
-9.796427 8.365000
-4.363167 8.134000
-9.986786 10.683000
-7.488494 8.402000
-9.585428 7.651000
-4.357976 9.662000
-4.455214 7.948000
-10.140398 10.643000
-10.323002 8.962000
1.091451 10.584000
0.579074 11.291000
-9.771790 9.696000
-8.137838 8.338000
-4.933469 9.247000
-4.462313 10.456000
-4.136775 10.967000
-6.861579 11.089000
-7.265562 11.362000
-4.691090 9.449000
-5.710716 8.407000
-1.824549 8.422000
-3.708035 7.654000
0.459108 8.528000
-0.178190 7.640000
0.180698 8.515000
-1.109760 11.148000
-7.251306 7.960000
0.871921 10.480000
-10.423759 10.670000
0.358470 8.025000
-10.526187 8.367000
-5.173640 10.085000
-0.040862 11.088000
-5.590750 9.866000
-0.158143 7.869000
-4.239084 7.635000
-0.199902 8.129000
-0.450751 8.225000
-4.673969 11.166000
-9.993826 10.251000
-1.617723 7.968000
-9.354503 7.656000
-9.053841 11.262000
-6.628089 7.661000
-10.405326 8.361000
-6.519578 8.145000
-4.360124 11.244000
1.062996 10.225000
-10.534897 8.941000
-10.446369 9.338000
-1.230860 7.936000
-9.509006 11.081000
-8.423703 8.151000
-10.310117 8.237000
-4.765957 10.651000
-10.128944 10.862000
-5.085291 9.144000
-9.101386 8.255000
-8.372640 11.401000
1.090795 9.231000
-6.029868 7.980000
-0.753678 7.714000
-2.252695 11.230000
-9.987025 11.076000
-1.498472 7.964000
-3.058571 7.763000
-3.624756 11.365000
-7.484676 8.151000
-2.885748 8.129000
1.015212 10.383000
0.764303 7.930000
-5.318721 8.760000
-5.331904 9.654000
-4.452649 7.759000
0.888744 9.861000
-7.808662 7.940000
0.872815 7.725000
-4.233059 9.453000
-5.605719 8.548000
1.109527 11.061000
-4.242723 8.641000
0.221204 9.071000
1.094195 9.947000
0.531946 8.105000
-5.987215 7.748000
-8.430448 7.947000
-4.373128 10.634000
-10.007367 8.935000
-9.887521 8.256000
-8.971816 11.078000
-7.098409 8.036000
-2.029581 7.848000
-7.017637 8.015000
-0.252817 11.088000
-4.223992 9.077000
-9.260486 11.167000
-4.259545 9.838000
-0.603527 8.032000
-3.260863 7.688000
0.559328 8.446000
-1.710367 7.757000
0.812382 8.691000
-3.081955 8.356000
-10.713027 10.051000
-3.903586 11.087000
-6.146076 11.365000
-4.255847 9.296000
-0.663004 7.976000
-0.143291 11.326000
-0.146033 11.290000
-6.215635 7.643000
0.881704 9.154000
-3.948862 11.257000
-10.335291 9.655000
-5.321942 8.299000
-5.287044 10.374000
-1.715854 11.190000
-3.563431 7.883000
-4.875305 7.732000
-4.936929 9.599000
-5.648076 8.285000
0.346837 9.443000
-10.226958 7.749000
-3.090428 11.085000
-6.760225 8.263000
-5.824057 11.081000
0.782020 9.338000
0.846269 8.834000
-1.232351 8.260000
0.581818 7.845000
0.194597 9.090000
-7.722222 8.342000
-4.845835 8.076000
-9.913947 10.450000
-9.687261 10.759000
-7.020441 7.688000
-5.605778 9.970000
-10.417735 8.033000
-7.183835 8.133000
-0.358525 8.366000
-10.062488 11.245000
-10.736651 7.951000
-4.776635 11.351000
-5.272309 8.155000
0.080716 7.670000
-4.242186 10.252000
0.580864 9.265000
-4.866058 11.153000
-10.211924 8.460000
-8.456456 7.830000
-5.186823 9.333000
0.212553 8.368000
-10.092137 10.732000
-2.032803 7.646000
-5.501026 11.248000
-9.268779 8.165000
0.653225 8.134000
-9.906551 7.636000
-9.893188 8.870000
-7.699434 11.240000
-4.952559 8.275000
0.538151 10.338000
1.103680 8.260000
-7.405693 7.966000
0.463462 8.171000
0.560581 9.389000
0.257175 9.158000
0.571319 11.048000
-10.452096 9.572000
-3.788035 8.434000
1.003162 8.343000
-8.327363 8.141000
-5.084038 8.048000
-10.736531 8.640000
-10.102637 9.846000
-10.530780 11.258000
-9.667514 8.045000
-9.661251 9.026000
-9.667155 7.970000
-7.981780 11.295000
-10.437420 10.837000
-5.313888 10.146000
-9.893008 10.968000
-4.268852 7.758000
-1.389005 7.866000
0.362288 9.762000
-10.416004 9.952000
-1.947853 11.255000
-5.606379 9.560000
-3.609129 8.208000
-10.471066 9.075000
-2.617543 8.231000
-5.649389 7.835000
0.090201 9.249000
-3.172631 11.197000
-8.520466 8.060000
-6.749251 8.388000
-1.500381 7.760000
-6.850185 7.663000
-4.855440 9.164000
-9.775310 10.112000
-4.140116 7.623000
-2.038170 11.236000
-9.351103 7.950000
-4.850488 10.474000
-7.572548 11.090000
-4.582816 10.650000
-4.218741 10.589000
-4.048785 9.357000
0.479689 8.876000
-7.800132 7.759000
-4.919330 11.301000
-1.236465 11.079000
-0.984666 8.420000
-8.223564 7.657000
-8.540390 11.183000
-5.183244 10.363000
-9.438739 8.419000
-5.495360 7.937000
-3.926253 7.973000
-1.115129 7.722000
-10.738082 8.345000
-0.785955 8.350000
-4.970813 8.758000
0.484282 10.489000
-5.000521 8.425000
-9.492664 8.136000
-10.521235 10.360000
-5.902147 7.653000
-7.337806 8.051000
-4.913900 8.061000
-6.346457 8.244000
0.222158 9.309000
-6.135222 8.423000
-10.303257 7.847000
-7.823516 8.040000
-5.482891 8.564000
-5.490766 8.850000
-5.426995 8.138000
-10.210910 11.262000
-6.455566 11.169000
-10.102219 10.060000
-2.447586 7.851000
0.082327 9.638000
-9.589484 8.333000
-4.020329 8.152000
-2.895115 11.280000
-9.173211 8.047000
-3.337040 7.944000
-9.893128 9.444000
-6.763151 11.245000
0.443836 7.714000
-6.318481 11.084000
-10.014467 7.848000
-10.234414 9.455000
0.055064 8.034000
-0.254724 11.254000
-6.863130 7.846000
-10.080325 10.329000
-1.900788 8.386000
-5.098832 10.534000
-1.219704 7.825000
-8.214794 7.847000
-1.289620 7.678000
-5.513017 9.741000
-10.550825 10.051000
-10.469157 8.446000
-10.113493 10.451000
-4.376410 8.242000
-0.911940 11.082000
-9.602609 7.741000
-4.994556 8.229000
-6.215515 8.371000
-3.078137 8.165000
-1.650235 11.229000
-4.967949 10.064000
-10.306477 9.548000
-4.857706 10.569000
0.252761 10.415000
0.610333 10.536000
-5.837242 8.135000
-8.310600 8.043000
-5.407785 10.664000
-9.806807 8.156000
-4.355232 8.849000
-6.027067 8.391000
-10.005817 8.555000
-2.856580 11.102000
-10.630464 10.838000
-4.983939 8.551000
-4.240515 11.144000
-3.822275 8.045000
-6.524528 8.267000
-5.318243 11.076000
-3.321053 7.740000
-4.669376 8.355000
-7.722222 8.255000
-9.273673 8.426000
-5.275174 7.779000
-4.459509 11.152000
-0.991345 7.836000
-1.938250 7.858000
-1.580977 8.417000
-5.655237 11.098000
-4.469114 9.228000
-10.089692 8.364000
-4.578043 10.397000
-8.316385 11.177000
-4.655058 8.972000
-6.227447 7.741000
-5.403729 9.558000
-2.759639 7.663000
-2.909909 7.796000
-5.162782 8.866000
0.359780 8.637000
-4.569632 9.242000
-3.723486 7.952000
-3.997662 10.076000
-9.989471 8.164000
-3.500793 7.635000
-10.449411 10.556000
-6.679929 7.637000
-4.268554 8.038000
-5.578759 9.079000
-9.796308 8.446000
-0.424920 11.250000
0.540596 11.066000
-8.126206 8.151000
-8.414162 11.086000
-5.276962 11.027000
-8.749124 7.741000
-4.147931 10.431000
1.105769 10.828000
-4.224528 10.946000
-1.287233 11.296000
0.276145 8.432000
-0.671355 11.078000
-8.844095 7.856000
-4.112317 7.969000
-9.905895 8.353000
-10.230060 8.345000
0.216729 9.643000
-3.736013 11.366000
-6.122274 7.632000
0.429102 11.030000
0.575495 8.555000
-9.809551 11.165000
-9.075675 11.365000
-5.240037 11.365000
-5.596118 11.142000
-4.447998 10.949000
-1.223820 8.148000
-7.183895 8.048000
0.714014 7.971000
-4.033871 10.686000
-5.271891 10.443000
-9.257086 7.760000
-10.530840 8.667000
-3.157598 7.667000
-2.852045 8.229000
0.442583 8.419000
0.187913 8.175000
-1.091269 8.034000
-5.282689 8.719000
-10.650449 8.951000
-4.691388 10.239000
-5.261988 10.775000
-9.766660 10.421000
-5.605185 9.660000
-4.340020 10.166000
-7.901369 8.425000
-5.174654 7.675000
-3.717818 7.760000
0.873114 8.079000
-1.280195 7.768000
-3.717759 8.039000
-10.111227 9.059000
-6.021040 8.154000
-5.398420 9.377000
-4.207290 10.894000
0.168886 10.471000
-4.940210 8.169000
-1.784640 7.948000
-4.573929 7.858000
-2.528833 11.201000
0.380065 10.574000
0.473604 8.048000
-0.830396 7.905000
-4.760409 8.543000
-9.921345 7.734000
0.575555 10.438000
-4.149900 7.729000
-4.570410 10.855000
-1.711560 8.368000
-1.151700 8.300000
0.169662 11.199000
-9.054081 7.653000
-4.359587 7.665000
-10.111584 10.765000
-8.696567 11.202000
-6.854540 11.164000
-2.657510 7.755000
-4.229720 10.409000
-5.885921 8.367000
-7.432718 11.087000
-10.102279 9.359000
-4.256145 9.652000
-5.916107 7.754000
-3.295639 11.298000
0.362348 10.229000
-2.234376 11.180000
-8.070011 7.746000
-8.859307 8.422000
-6.444709 11.245000
-2.888195 11.171000
-2.339549 7.745000
-5.611507 11.185000
0.084592 10.636000
0.926624 8.774000
-10.407772 9.071000
-8.329391 7.750000
0.131896 9.523000
-5.606672 9.112000
-10.307074 10.454000
-5.703973 11.264000
-6.452465 8.360000
-4.046457 8.431000
-10.110451 8.468000
-4.947489 10.106000
-1.963960 11.172000
-3.073186 8.247000
0.694924 9.743000
-4.607275 9.457000
-0.031317 7.651000
-1.822638 8.258000
0.928712 8.271000
0.127545 8.327000
-3.175617 11.229000
-7.194335 7.632000
-4.216773 8.259000
-4.249762 10.091000
0.082686 8.964000
-1.711858 11.079000
-4.051648 8.725000
-5.477522 11.051000
-9.745004 10.944000
-4.757725 9.768000
-6.032851 11.257000
-8.031473 11.264000
-10.209777 9.346000
-5.181096 9.157000
-8.441781 8.365000
-5.071868 10.682000
-10.537640 11.040000
-6.346278 11.399000
0.598581 10.910000
-9.815874 10.334000
-5.605604 8.746000
-6.244626 8.039000
-4.788208 10.155000
-5.788623 11.188000
-8.725381 7.928000
-2.663117 8.344000
1.032512 9.266000
-10.467007 8.942000
-6.031718 8.351000
-4.567425 11.157000
-3.326598 11.082000
-4.283169 8.142000
-7.391257 7.942000
-5.718705 11.083000
-6.349381 8.154000
-0.784879 7.864000
0.870549 7.971000
-10.214848 8.970000
-10.214072 10.571000
1.110660 7.770000
1.067529 8.408000
-6.224704 8.435000
-0.590523 8.128000
-9.690841 10.291000
-9.427044 8.092000
-2.364962 7.958000
-1.514457 11.079000
-3.283410 11.377000
-6.443874 11.077000
0.073136 10.989000
-4.873813 11.259000
-5.108019 9.342000
-8.211094 11.380000
-5.978327 7.922000
-9.275459 11.356000
1.140664 8.295000
-0.702972 11.326000
-4.122935 10.774000
-1.315690 11.082000
-9.801498 7.651000
-8.840220 8.418000
-3.171319 7.958000
0.619102 8.279000
-9.276057 7.633000
-10.127512 10.078000
0.590527 8.899000
-7.508418 7.834000
-5.315857 8.936000
-0.371645 11.212000
-10.396736 9.674000
-4.262647 10.632000
-4.022539 11.060000
-2.586284 8.423000
0.458810 9.470000
-5.583472 9.350000
-5.298020 10.560000
-4.601846 10.413000
-3.419484 7.834000
-4.853592 9.957000
-5.164156 10.169000
-1.489345 8.055000
-4.034885 10.948000
-4.546904 9.573000
-9.681296 9.654000
-9.682012 8.565000
-5.405758 7.843000
-4.932337 8.742000
0.771581 8.159000
-10.125364 11.247000
-10.440284 9.856000
-3.172452 8.346000
1.006562 7.850000
-4.330716 8.016000
-8.779846 7.766000
-3.235388 7.936000
-9.099239 7.714000
-10.730864 7.732000
-10.431931 10.470000
-2.347423 8.342000
-9.481688 7.664000
-0.426590 11.364000
-2.678747 7.964000
-3.494651 7.862000
0.163815 8.867000
-9.352416 7.874000
0.280918 11.357000
-10.627362 8.048000
0.387163 7.878000
-5.489096 7.746000
-9.987503 8.456000
-9.113855 8.405000
-0.034120 8.342000
-4.930070 10.346000
-4.111899 10.581000
-5.411365 10.068000
-1.820192 7.653000
0.699338 8.091000
-5.278634 10.951000
0.938018 10.184000
-2.580555 8.266000
-3.945880 8.355000
-3.416024 7.644000
0.255028 9.839000
-7.408555 11.350000
-1.529614 8.373000
-9.039465 11.076000
-4.884849 11.357000
0.779515 11.152000
-10.722990 8.467000
-7.793271 11.262000
-10.728537 11.259000
-5.579532 11.236000
-7.990849 8.239000
-10.328669 10.952000
-9.392204 11.244000
-5.908293 11.092000
-5.009410 9.151000
-7.080035 8.268000
-5.398480 7.655000
-0.057385 11.356000
-4.961805 7.907000
0.080420 9.343000
0.081669 9.942000
-0.032867 7.991000
-4.852815 9.080000
-9.152752 8.422000
-1.436073 8.228000
-2.352852 8.051000
-6.205493 8.171000
-4.609184 9.723000
-4.207943 10.763000
-6.354571 8.065000
0.805465 10.896000
-10.126021 8.782000
-8.055276 8.320000
0.750463 10.438000
-8.535797 7.930000
-7.169399 11.086000
-8.211274 8.167000
0.062044 8.265000
-5.093583 8.238000
-3.952980 11.125000
-7.561690 11.185000
0.155941 10.135000
-4.466907 8.426000
-3.872805 8.426000
-6.752828 8.062000
-10.642813 9.440000
-4.254119 10.174000
-6.543499 7.641000
0.212673 9.540000
-8.559360 11.359000
-4.774607 8.654000
-7.788618 8.166000
-10.538476 7.623000
-10.332129 10.054000
-4.339006 8.661000
0.785362 11.275000
-4.048307 10.162000
-3.911222 8.151000
-8.817073 11.116000
-10.526724 9.365000
0.352862 9.213000
-4.987218 8.957000
-4.646648 7.861000
-5.498878 10.244000
-8.315134 7.655000
-4.971409 8.669000
-10.403297 11.253000
-10.086708 10.257000
-6.966334 7.958000
-9.900406 9.958000
-5.595641 7.982000
-1.099201 8.143000
-5.515045 9.837000
-7.369780 8.351000
-7.307083 11.143000
-2.159274 8.413000
-6.463563 8.422000
-5.205436 8.643000
-6.457356 11.340000
-8.960660 8.151000
-9.410518 11.349000
-4.130273 9.266000
0.932232 9.110000
-5.484382 9.973000
-10.710759 11.161000
-6.656187 8.145000
-4.466011 11.254000
-3.998259 10.626000
-10.620084 10.473000
0.937720 8.647000
-4.664544 8.447000
-8.748944 8.348000
-9.759800 8.744000
-2.898874 7.988000
-2.147639 7.854000
-10.079967 10.572000
-10.537045 7.844000
-6.533118 11.162000
-0.372603 7.835000
-4.446384 8.257000
-9.895455 7.842000
-10.012020 9.455000
1.001193 10.258000
-7.072579 7.665000
-10.063144 11.090000
-10.128287 10.936000
-0.699095 8.322000
-0.603527 8.245000
-5.398181 8.747000
-5.001415 9.838000
-9.428117 8.133000
-4.654104 9.059000
-9.477810 7.739000
-1.472999 11.317000
-10.207928 8.248000
-7.578036 7.751000
-7.018116 8.423000
-4.930726 8.006000
-8.025388 11.345000
-5.603158 8.831000
-7.669310 11.091000
-6.366561 11.254000
0.564399 8.092000
-5.156161 11.156000
0.351550 9.548000
-10.151017 7.726000
-4.358334 9.572000
-3.376353 11.169000
0.272864 7.726000
-4.568200 10.726000
-10.450187 8.831000
-5.617830 11.350000
-10.074181 7.853000
-3.903823 7.759000
0.304303 8.064000
-2.788753 8.416000
-1.236049 11.255000
-4.974153 10.250000
-10.416064 9.149000
-4.792921 10.248000
0.216073 8.831000
-4.649690 9.674000
-10.708016 8.959000
0.538031 9.511000
-6.131699 7.737000
-5.073538 9.477000
0.448310 8.654000
1.100936 10.324000
-5.279886 9.073000
-7.978085 11.086000
-0.972851 11.287000
-6.439341 8.247000
-5.597968 10.963000
-10.400733 7.665000
-10.086232 8.579000
-5.182349 9.844000
-4.447041 11.063000
-8.705219 11.086000
-10.125902 11.158000
-9.919256 11.366000
-0.044083 7.765000
-1.810229 8.354000
-5.240157 7.944000
0.440376 9.021000
-10.543487 9.534000
0.694327 7.865000
-4.028028 8.632000
-4.663171 11.071000
0.487384 8.376000
-7.595695 7.933000
-6.118516 8.074000
0.437871 10.648000
-5.586992 9.439000
-4.474005 10.039000
0.839111 11.352000
-8.940736 8.054000
-9.805733 10.474000
-10.324016 8.738000
-1.927988 8.152000
-10.135566 7.933000
0.293326 7.962000
-3.617957 7.783000
-3.593976 11.112000
-2.794478 11.082000
0.606456 10.050000
-4.349684 11.148000
-10.340003 11.256000
-10.631717 8.658000
0.178192 10.591000
0.532125 10.223000
-5.414228 9.731000
-3.556514 8.392000
-3.619387 7.942000
0.696475 9.391000
-5.094478 8.523000
-0.754514 11.250000
-8.767676 11.183000
-4.758739 11.152000
-2.218092 8.392000
-3.221011 11.238000
-4.444477 7.651000
-1.562005 8.024000
-9.804898 7.729000
-6.612101 11.326000
0.591900 9.826000
-1.565941 11.179000
-4.368536 8.045000
-1.704342 8.253000
-5.986084 11.088000
-1.483263 8.432000
-7.282088 7.642000
1.076179 9.717000
-4.222977 9.885000
-9.985176 10.757000
-5.171850 10.857000
-3.995157 10.529000
1.111436 10.070000
-4.365194 10.540000
-5.567721 7.655000
-7.017994 11.182000
-5.306610 9.968000
0.058107 11.281000
-0.914866 11.253000
-10.232982 11.059000
-5.298853 9.260000
-10.546947 9.247000
-4.541535 10.093000
-10.203155 9.259000
-7.789572 8.251000
-6.542365 8.368000
-3.093290 11.204000
-3.407433 7.731000
-10.307193 9.752000
-5.285553 8.630000
-8.536155 7.850000
0.083160 10.048000
-0.198111 11.334000
-8.631008 8.065000
0.081791 9.443000
-7.085166 7.770000
-10.214728 10.885000
-7.789394 7.659000
-10.171897 8.077000
-1.246310 7.637000
-4.760230 10.984000
-2.361501 11.279000
0.584920 7.718000
-4.148527 9.556000
-0.144064 11.175000
-8.766543 7.834000
-10.132703 8.350000
-8.477335 8.401000
-2.619392 11.117000
-9.685352 10.833000
-9.370133 7.745000
-5.488797 11.150000
-1.807187 7.744000
0.575853 9.961000
-0.870185 8.363000
-5.590750 8.550000
-0.837616 8.399000
-4.230911 10.065000
-5.161828 8.957000
-4.777769 10.736000
-7.417504 8.245000
1.095806 8.023000
-1.233185 11.203000
0.498537 9.887000
-5.606674 9.622000
1.072958 7.915000
-4.255429 11.066000
-8.431996 11.077000
-9.687083 9.146000
-1.155694 7.868000
-2.882232 11.120000
-9.998061 11.165000
-6.553163 7.749000
-4.860689 8.464000
-2.955071 8.189000
-6.835509 8.166000
-8.004808 7.749000
0.161071 10.959000
-4.253222 10.439000
0.462744 11.221000
-10.450723 10.065000
-1.327322 8.129000
-2.249410 7.757000
-7.975815 11.370000
-8.120300 7.653000
-6.951838 7.856000
-3.169947 8.154000
-1.158737 8.086000
-3.731062 8.143000
-7.031896 11.081000
-7.565807 7.648000
-4.129319 9.353000
-9.788015 11.067000
-2.459636 8.320000
-4.058032 8.637000
-5.172985 9.934000
-5.100801 9.759000
-9.983208 9.051000
0.081789 9.840000
-4.262230 8.579000
-2.048790 8.362000
-9.988636 10.376000
-5.315857 9.026000
-10.113195 9.935000
-6.696098 8.416000
0.215536 10.101000
-4.001182 9.642000
-4.756173 10.557000
-5.793217 8.356000
-2.523346 7.918000
-8.824411 8.397000
-5.308519 10.650000
-5.082009 10.352000
-4.275593 7.947000
-9.587635 7.951000
-1.488689 7.850000
-1.923996 8.512000
-5.605842 10.137000
0.039255 7.931000
-9.055272 11.191000
-6.317227 7.755000
-4.039061 8.983000
-8.625101 7.661000
-10.084501 9.543000
-2.249410 7.954000
-9.773043 9.951000
0.183263 8.982000
-1.118529 7.839000
-9.681233 8.148000
-8.215152 7.770000
-7.881143 7.854000
-3.838500 11.257000
-5.005950 8.336000
-0.840778 11.204000
0.478973 8.276000
-0.501995 7.838000
-4.254296 7.931000
-2.487732 11.146000
-0.452244 11.098000
-0.660438 8.187000
-9.553572 11.159000
-10.318289 8.662000
-5.263184 10.547000
-4.681846 8.605000
-2.255673 8.355000
0.558908 9.745000
-4.128186 8.440000
0.698742 8.451000
-4.859198 8.548000
-6.455626 7.827000
-3.386494 11.271000
-9.106099 8.334000
-9.791774 10.771000
-9.174642 11.078000
-1.493583 8.247000
-5.587230 11.033000
-8.246171 11.183000
-6.122811 8.362000
-2.865945 8.337000
-10.318528 11.153000
-9.268063 8.247000
0.688840 10.858000
-5.584308 10.742000
-9.481866 11.254000
-9.378546 11.093000
-3.315147 7.821000
0.283185 9.375000
-10.648540 10.662000
0.690569 8.582000
-9.922836 9.344000
-5.505918 9.048000
-5.254294 7.860000
-4.607275 9.546000
-5.310369 11.146000
-1.395567 11.256000
0.460241 7.818000
0.827236 9.719000
-10.725197 9.756000
-10.230060 8.135000
-1.383100 7.751000
-5.493927 8.760000
-8.112306 8.047000
-5.009350 9.240000
-9.185619 11.336000
-8.329390 11.350000
-9.791059 8.057000
-5.258230 10.264000
-5.384580 9.864000
-2.981497 8.063000
-4.036376 9.886000
-4.766911 11.251000
-9.913471 8.141000
-8.230662 7.941000
-5.418225 10.251000
-3.289495 8.270000
-10.293472 10.667000
-5.412379 8.035000
-7.467020 8.421000
-9.037556 8.173000
-1.124853 7.632000
-3.988000 10.194000
-5.002310 9.931000
-10.473929 8.659000
-10.635833 9.358000
-4.115181 8.249000
-6.771141 11.248000
-4.062207 10.446000
-3.938604 8.398000
-5.072465 8.673000
-0.482547 11.286000
-4.248034 9.756000
-6.451212 7.637000
-4.554600 8.325000
-3.913368 7.670000
-8.730988 8.246000
-7.723535 8.085000
-5.174833 8.145000
0.244588 9.625000
-7.336791 8.137000
-4.931560 9.075000
-7.968719 8.420000
0.890651 8.052000
-4.933767 8.630000
-10.721797 8.241000
-2.162193 11.229000
-5.255665 11.174000
-10.213475 10.957000
-4.356425 8.765000
-5.574762 7.717000
0.040269 11.141000
-9.255892 11.253000
-3.487493 8.423000
-10.638756 8.736000
-2.504494 11.182000
0.208915 8.727000
-4.308226 8.855000
0.997853 10.147000
-10.613582 7.643000
-6.969197 8.233000
-5.266881 8.242000
-4.000586 9.549000
-4.037569 10.786000
-9.772864 8.937000
-1.951074 11.079000
-8.537110 8.163000
0.666051 11.233000
-4.756711 9.067000
-6.113684 8.165000
-0.367353 11.329000
-9.475543 8.040000
-0.587656 11.077000
-0.341761 11.192000
-4.992169 10.854000
-4.679398 8.556000
-5.823343 7.748000
0.081074 8.825000
-3.238490 8.321000
-5.290623 8.540000
-9.427759 7.982000
-9.588828 8.257000
-7.413865 7.638000
-4.771385 11.076000
-8.124237 11.278000
-9.398289 11.138000
0.294519 9.584000
-9.803884 10.239000
-5.501563 8.132000
-9.793564 9.247000
-5.182289 10.948000
-4.050932 7.718000
-5.589855 8.636000
-5.411007 9.128000
-10.741124 10.357000
0.570782 10.932000
0.346121 8.732000
-9.685710 10.976000
0.276504 10.282000
-5.822328 8.030000
-4.673074 9.166000
-9.790939 11.362000
-3.179730 8.259000
0.178431 10.005000
-9.771254 8.551000
-3.998975 9.279000
-0.250251 8.167000
-7.071925 8.393000
-8.387197 11.158000
-8.637628 8.363000
0.919227 9.003000
0.395456 7.755000
-2.448359 8.240000
-4.026713 8.063000
-0.996117 8.364000
-3.806647 8.227000
-0.860046 8.419000
-4.126934 10.047000
-0.645703 11.289000
-4.649988 9.763000
0.459764 11.130000
-0.994089 11.080000
-4.760231 8.169000
-2.572680 8.355000
0.105290 9.029000
-8.967342 7.941000
-4.447459 10.790000
-5.277320 9.675000
-2.042168 8.159000
-8.630768 7.964000
-3.630782 8.323000
0.363182 10.942000
-8.639599 11.084000
-10.134194 8.647000
-8.746678 11.149000
0.986100 10.028000
-9.533888 11.105000
-10.115462 9.650000
-5.178591 9.665000
-1.616768 8.382000
-4.154076 8.738000
-6.133489 11.268000
-10.394946 9.266000
-7.484914 11.261000
-4.333339 10.078000
-5.410709 8.949000
-4.791967 9.551000
0.378096 7.652000
-5.944382 11.166000
-3.072650 8.052000
0.265826 10.649000
-1.821803 7.852000
-7.102048 11.346000
-5.089943 10.443000
-4.836410 7.967000
-9.493618 7.835000
-3.683340 8.424000
-9.363391 11.377000
-4.667944 10.475000
-1.931747 8.356000
-7.159615 11.176000
-3.616942 7.749000
-5.575538 10.272000
-0.267312 7.849000
-9.901897 10.664000
-8.473874 11.193000
-8.849761 11.365000
1.100936 9.343000
-10.119042 7.839000
-9.425851 8.256000
-4.537181 7.938000
-10.121845 9.235000
-8.135155 7.748000
-3.392997 8.367000
-6.301003 8.423000
-10.473333 7.845000
-10.609645 8.553000
-10.075257 7.721000
-8.730812 8.432000
1.031200 8.141000
-2.585446 11.350000
-5.175131 10.686000
-3.931682 8.248000
-8.538719 11.263000
-4.980775 11.262000
-8.340842 11.077000
-9.350387 8.346000
-7.698301 7.723000
-10.713683 8.763000
-0.592133 8.345000
-1.491254 7.649000
-4.547560 8.046000
-3.288123 11.191000
-1.103974 7.934000
-5.690670 11.171000
-10.108960 8.048000
-4.471798 10.548000
-4.144292 8.546000
-7.990610 7.651000
-2.760057 7.850000
-10.540385 9.161000
-7.178230 8.423000
0.261709 10.532000
-1.188388 8.387000
-10.130554 10.241000
-5.921416 7.950000
0.274654 10.883000
-6.468989 7.930000
-3.394308 11.378000
-3.742098 8.249000
-1.382622 8.075000
-10.323777 10.550000
-0.883548 8.265000
-8.938229 11.388000
-5.310786 10.054000
-5.256143 10.169000
-4.468756 9.850000
1.119489 8.971000
-4.607633 9.633000
0.472411 10.150000
-6.041859 7.726000
-8.715658 8.139000
-8.396205 7.669000
-10.525471 8.858000
0.759650 10.558000
-9.994781 8.244000
-8.739221 7.949000
-7.714168 11.344000
-5.485993 10.981000
0.585458 10.072000
0.558732 9.053000
-10.227852 8.057000
-5.308281 8.562000
0.985802 11.252000
0.246557 8.815000
-2.670693 8.253000
-1.130997 11.290000
-9.796666 9.050000
-8.333924 11.270000
-5.606974 8.333000
-10.066784 10.470000
-5.015195 11.041000
-6.669132 8.251000
-4.325884 10.802000
0.463224 9.577000
-4.773354 9.353000
-0.486184 7.728000
-9.793087 8.257000
-6.462964 7.740000
-1.844770 8.278000
0.268331 8.560000
1.123545 7.873000
0.166738 10.360000
-5.817794 11.374000
-6.223449 11.186000
-9.686068 10.362000
-4.233655 9.633000
-2.206281 8.145000
-10.312622 9.242000
-5.623257 8.488000
-4.122578 7.878000
-3.292659 8.420000
-2.036501 8.249000
-9.191525 11.171000
-0.125273 7.730000
0.926502 9.954000
-9.075257 11.291000
-2.539932 8.390000
0.694327 10.104000
0.793773 10.657000
-5.305418 9.454000
-3.160223 7.855000
-10.407474 10.569000
-5.274397 10.865000
-10.391545 10.863000
0.084949 10.154000
-10.119936 9.384000
-8.521063 7.750000
-6.544990 11.083000
-10.136163 8.942000
-2.261818 11.082000
0.683649 10.357000
-2.459276 11.249000
0.670704 10.127000
-4.143755 11.235000
-9.703488 8.750000
-9.686484 7.636000
-2.384173 8.426000
-9.690841 9.739000
-9.684159 8.649000
-3.834563 8.151000
0.683053 9.881000
-5.596775 9.955000
-10.637026 9.960000
-4.237353 10.879000
-5.376586 9.266000
-8.292644 8.347000
-8.626711 11.356000
-4.930307 8.808000
0.377082 8.354000
-4.763273 8.454000
-3.995873 8.819000
-0.783983 11.266000
-5.804315 8.419000
-0.441564 7.893000
-2.364246 8.160000
-0.480936 11.171000
-5.975225 7.645000
-0.884620 7.874000
-9.798575 9.546000
-6.329576 7.858000
-8.420008 8.270000
-4.040791 9.977000
-8.425972 8.264000
-10.723228 9.177000
-1.217795 11.342000
-10.090348 7.645000
0.658356 8.734000
-5.081353 10.774000
-1.651368 11.345000
-8.876487 8.347000
-10.102517 9.565000
-3.231808 11.339000
-6.674679 11.230000
-4.268554 8.944000
-7.333870 8.430000
-10.207450 10.050000